50
20
0.08
0.08
0.5
50
[0.5, 0.5, 0.5, 0.5, 0.5, 0.5, 0.5, 0.5, 0.5, 0.5, 0.5, 0.5, 0.5, 0.5, 0.5, 0.5, 0.5, 0.5, 0.5, 0.5, 0.5, 0.5, 0.5, 0.5, 0.5, 0.5, 0.5, 0.5, 0.5, 0.5, 0.5, 0.5, 0.5, 0.5, 0.5, 1, 0.5, 0.5, 0.5, 0.5, 0.5, 0.5, 0.5, 0.5, 0.5, 0.5, 0.5, 0.5, 0.5, 0.5]
[0.5, 0.5, 0.5, 0.5, 0.5, 0.5, 0.5, 0.5, 0.5, 1, 0.5, 0.5, 0.5, 0.5, 0.5, 0.5, 0.5, 0.5, 0.5, 0.5, 0.5, 0.5, 0.5, 0.5, 0.5, 0.5, 0.5, 0.5, 0.5, 0.5, 0.5, 0.5, 0.5, 0.5, 0.5, 1, 0.5, 0.5, 0.5, 0.5, 0.5, 0.5, 0.5, 0.5, 0.5, 0.5, 0.5, 0.5, 0.5, 0.5]
[0.5, 0.5, 0.5, 0.5, 0.5, 0.5, 0.5, 0.5, 0.5, 1, 0.5, 0.5, 0.5, 0.5, 0.5, 1, 0.5, 0.5, 0.5, 0.5, 0.5, 0.5, 0.5, 0.5, 0.5, 0.5, 0.5, 0.5, 0.5, 0.5, 0.5, 0.5, 0.5, 0.5, 0.5, 1, 0.5, 0.5, 0.5, 0.5, 0.5, 0.5, 0.5, 1, 0.5, 0.5, 0.5, 0.5, 0.5, 0.5]
[0.5, 0.5, 0.5, 0.5, 1, 0.5, 0.5, 0.5, 0.5, 1, 0.5, 0.5, 0.5, 0.5, 0.5, 1, 0.5, 0.5, 0.5, 0.5, 0.5, 0.5, 0.5, 0.5, 0.5, 0.5, 0.5, 0.5, 0.5, 0.5, 0.5, 0.5, 0.5, 0.5, 0.5, 1, 0.5, 0.5, 0.5, 0.5, 0.5, 0.5, 0.5, 1, 0.5, 0.5, 0.5, 0.5, 0.5, 0.5]
[0.5, 0.5, 0.5, 0.5, 1, 0.5, 1, 0.5, 0.5, 1, 0.5, 0.5, 0.5, 0.5, 1, 1, 0.5, 0.5, 0.5, 0.5, 0.5, 0.5, 0.5, 0.5, 0.5, 0.5, 0.5, 0.5, 1, 0.5, 0.5, 0.5, 0.5, 0.5, 0.5, 1, 0.5, 1, 0.5, 1, 0.5, 0.5, 0.5, 1, 1, 0.5, 0.5, 0.5, 0.5, 0.5]
[0.5, 0.5, 0.5, 0.5, 1, 0.5, 1, 0.5, 0.5, 1, 0.5, 0.5, 0.5, 1, 1, 1, 0.5, 0.5, 1, 0.5, 0.5, 1, 0.5, 0.5, 0.5, 0.5, 0.5, 0.5, 1, 0.5, 0.5, 0.5, 0.5, 0.5, 0.5, 1, 0.5, 1, 0.5, 1, 0.5, 0.5, 0.5, 1, 1, 0.5, 1, 1, 0.5, 1]
[0.5, 0.5, 1, 1, 1, 0.5, 1, 0.5, 0.5, 1, 0.5, 0.5, 0.5, 0, 1, 1, 0.5, 0.5, 1, 0.5, 0.5, 1, 1, 0.5, 0.5, 0.5, 0.5, 1, 1, 0.5, 0.5, 1, 0.5, 0.5, 0.5, 1, 0.5, 1, 0.5, 1, 0.5, 0.5, 1, 1, 1, 0.5, 1, 1, 0.5, 1]
[0.5, 0.5, 1, 1, 1, 1, 1, 1, 0.5, 1, 0.5, 0.5, 1, 0.5, 1, 1, 0.5, 0.5, 1, 1, 0.5, 1, 1, 0.5, 0.5, 0.5, 1, 1, 1, 0.5, 0.5, 0, 0.5, 0.5, 1, 1, 0.5, 1, 0.5, 1, 1, 0.5, 1, 1, 1, 0.5, 1, 1, 0.5, 1]
[1, 1, 1, 0, 1, 1, 1, 1, 1, 1, 0.5, 0.5, 1, 1, 1, 1, 0.5, 0.5, 1, 1, 1, 1, 0, 0.5, 0.5, 1, 1, 1, 0, 0.5, 0.5, 0, 1, 0.5, 1, 1, 0.5, 1, 0.5, 1, 1, 0.5, 1, 1, 0, 0.5, 1, 1, 0.5, 1]
[1, 0, 1, 0.5, 1, 1, 1, 1, 0, 0, 0.5, 0.5, 1, 1, 1, 1, 0.5, 1, 1, 1, 1, 1, 0.5, 0.5, 0.5, 1, 1, 1, 0.5, 1, 0.5, 0.5, 1, 0.5, 1, 1, 0.5, 1, 0.5, 1, 1, 0.5, 1, 1, 0.5, 0.5, 1, 1, 0.5, 0]
[1, 0, 1, 1, 1, 1, 1, 1, 0, 0, 0.5, 0.5, 1, 1, 1, 1, 0.5, 1, 0, 1, 1, 1, 0.5, 1, 0.5, 1, 1, 1, 0.5, 1, 0.5, 0.5, 1, 0.5, 1, 0, 0.5, 1, 1, 1, 1, 1, 1, 1, 0.5, 0.5, 1, 1, 0.5, 0]
[1, 0, 1, 1, 1, 1, 1, 1, 0.5, 0, 0.5, 0.5, 1, 1, 0, 1, 0.5, 1, 0, 1, 1, 1, 0.5, 1, 0.5, 1, 1, 0, 1, 1, 0.5, 0.5, 1, 0.5, 0, 0.5, 0.5, 1, 1, 1, 1, 1, 1, 1, 1, 0.5, 1, 1, 0.5, 0.5]
[1, 0, 1, 1, 1, 1, 1, 1, 1, 0.5, 0.5, 0.5, 1, 1, 0, 1, 0.5, 1, 0.5, 1, 1, 1, 1, 1, 0.5, 1, 1, 0, 1, 1, 0.5, 0.5, 1, 0.5, 0, 0.5, 0.5, 1, 1, 1, 1, 1, 1, 1, 1, 0.5, 1, 1, 0.5, 0.5]
[1, 0.5, 1, 1, 1, 1, 1, 1, 1, 0.5, 0.5, 0.5, 1, 1, 0, 1, 0.5, 1, 0.5, 1, 1, 1, 1, 1, 0.5, 1, 0, 0, 1, 1, 0.5, 0.5, 1, 0.5, 0.5, 0.5, 0.5, 1, 0, 0, 1, 1, 0, 0, 1, 0.5, 1, 1, 0.5, 1]
[1, 0.5, 1, 1, 1, 1, 1, 1, 0, 0.5, 0.5, 0.5, 1, 1, 0.5, 1, 0.5, 1, 0.5, 1, 1, 1, 1, 1, 0.5, 1, 0, 0.5, 1, 1, 0.5, 1, 1, 1, 1, 0.5, 0.5, 0, 0, 0.5, 1, 1, 0, 0, 1, 0.5, 1, 1, 0.5, 0]
[1, 1, 1, 1, 0, 1, 1, 1, 0, 0.5, 0.5, 0.5, 1, 1, 1, 1, 0.5, 1, 0.5, 1, 1, 1, 1, 1, 0.5, 0, 0, 0.5, 1, 1, 0.5, 1, 1, 1, 1, 0.5, 1, 0, 0.5, 0.5, 1, 1, 0.5, 0.5, 1, 0.5, 1, 1, 0.5, 0.5]
[1, 0, 1, 0, 0, 1, 1, 1, 0.5, 1, 0.5, 0.5, 1, 0, 1, 1, 0.5, 1, 0.5, 1, 1, 1, 1, 1, 0.5, 0.5, 0, 1, 1, 1, 1, 1, 1, 1, 1, 1, 1, 0.5, 0.5, 0.5, 1, 1, 0.5, 0.5, 1, 0.5, 1, 1, 0.5, 1]
[0, 0.5, 1, 0.5, 0, 1, 1, 1, 0.5, 1, 0.5, 0.5, 1, 0.5, 1, 0, 0.5, 1, 0.5, 1, 1, 1, 1, 1, 0.5, 1, 0.5, 1, 1, 1, 1, 1, 1, 0, 1, 1, 1, 0.5, 1, 0.5, 1, 1, 0.5, 0.5, 1, 0.5, 1, 1, 1, 1]
[0.5, 0.5, 1, 1, 0.5, 1, 1, 1, 1, 1, 0.5, 0.5, 1, 0.5, 1, 0, 0.5, 1, 0.5, 1, 1, 1, 0, 1, 0.5, 1, 0.5, 1, 0, 1, 1, 1, 1, 0.5, 1, 1, 1, 0.5, 1, 0.5, 1, 1, 0.5, 1, 1, 0.5, 1, 1, 0, 1]
[0.5, 1, 1, 1, 0.5, 1, 1, 0, 1, 1, 0.5, 0.5, 1, 0.5, 1, 0.5, 0.5, 1, 1, 1, 1, 0, 0.5, 1, 0.5, 1, 1, 1, 0.5, 1, 1, 1, 1, 0.5, 1, 1, 1, 0.5, 1, 1, 1, 1, 1, 1, 1, 1, 1, 1, 0, 1]
[1, 1, 1, 1, 1, 1, 1, 0, 1, 1, 0.5, 0.5, 1, 0.5, 0, 0.5, 0.5, 0, 1, 1, 1, 0.5, 0.5, 1, 0.5, 1, 1, 1, 0.5, 1, 1, 1, 1, 0.5, 1, 1, 1, 1, 1, 1, 1, 1, 1, 1, 1, 1, 1, 1, 0.5, 1]
[1, 1, 1, 1, 1, 1, 0, 0.5, 1, 1, 0.5, 0.5, 1, 0.5, 0, 0.5, 1, 0, 1, 1, 1, 1, 0.5, 0, 0.5, 1, 1, 1, 1, 1, 1, 1, 1, 1, 1, 1, 1, 1, 0, 1, 1, 1, 0, 1, 1, 1, 1, 0, 0.5, 1]
[1, 1, 1, 1, 1, 1, 0, 1, 1, 1, 0.5, 0.5, 1, 0.5, 0.5, 0.5, 1, 0, 1, 1, 1, 1, 1, 0.5, 0.5, 1, 1, 0, 1, 1, 1, 1, 1, 1, 1, 1, 1, 1, 0, 1, 1, 1, 0, 1, 1, 1, 1, 0, 1, 1]
[0, 1, 1, 1, 0, 1, 0, 1, 1, 1, 0.5, 0.5, 1, 0.5, 1, 1, 1, 0.5, 1, 1, 1, 1, 1, 1, 0.5, 1, 1, 0, 1, 1, 0, 1, 1, 1, 1, 1, 1, 1, 0.5, 1, 1, 0, 0, 1, 1, 1, 1, 0, 1, 1]
[0.5, 1, 1, 1, 0.5, 1, 0.5, 1, 1, 1, 1, 0.5, 1, 1, 1, 1, 1, 1, 1, 1, 1, 1, 1, 1, 0.5, 1, 1, 0, 1, 0, 0, 1, 1, 1, 1, 1, 1, 1, 0.5, 1, 1, 0, 0.5, 1, 1, 1, 1, 0.5, 1, 0]
[0.5, 1, 1, 1, 0.5, 1, 1, 1, 1, 1, 1, 0.5, 1, 1, 1, 1, 1, 1, 1, 1, 1, 1, 1, 1, 0.5, 1, 1, 0, 1, 0, 0.5, 1, 0, 0, 1, 1, 1, 1, 1, 1, 1, 0, 0.5, 1, 1, 1, 1, 0.5, 1, 0.5]
[0.5, 1, 1, 1, 1, 1, 1, 1, 0, 1, 1, 0.5, 1, 1, 1, 0, 1, 1, 1, 1, 1, 1, 1, 1, 1, 1, 1, 0, 1, 0, 0.5, 1, 0, 0.5, 1, 1, 1, 1, 1, 1, 1, 0, 0.5, 1, 1, 1, 1, 0.5, 1, 0.5]
[1, 1, 1, 1, 1, 1, 0, 1, 0, 1, 1, 0.5, 1, 1, 1, 0, 1, 1, 1, 1, 1, 1, 1, 1, 1, 1, 1, 0.5, 1, 0, 0.5, 1, 0, 1, 1, 1, 1, 1, 0, 1, 1, 0.5, 1, 1, 1, 0, 1, 1, 1, 1]
[1, 1, 0, 0, 1, 1, 0.5, 1, 0, 1, 1, 0.5, 1, 1, 1, 0, 1, 1, 1, 1, 1, 1, 1, 1, 1, 1, 1, 1, 1, 0, 0.5, 1, 0.5, 1, 1, 1, 0, 1, 0, 1, 1, 0.5, 1, 1, 1, 0.5, 1, 1, 1, 1]
[1, 1, 0, 0.5, 0, 1, 0.5, 1, 0, 1, 1, 0.5, 1, 1, 1, 0, 1, 1, 1, 1, 1, 1, 1, 1, 1, 1, 1, 1, 1, 0, 0.5, 1, 1, 1, 1, 0, 0, 1, 0, 1, 1, 0.5, 1, 0, 1, 1, 0, 1, 1, 1]
[1, 0, 0.5, 0.5, 0.5, 1, 1, 1, 0, 1, 1, 0.5, 1, 1, 1, 0, 1, 1, 1, 1, 1, 1, 1, 1, 1, 1, 1, 1, 1, 0, 0.5, 1, 1, 1, 1, 0, 0.5, 1, 0.5, 0, 1, 0.5, 1, 0, 1, 1, 0, 1, 1, 1]
[0, 0.5, 1, 0.5, 1, 1, 1, 1, 0, 1, 1, 0.5, 1, 1, 1, 0.5, 1, 0, 1, 1, 1, 1, 1, 1, 0, 0, 1, 1, 1, 0, 1, 1, 0, 1, 1, 0, 0.5, 1, 0.5, 0, 1, 0.5, 1, 0, 1, 1, 0.5, 1, 1, 1]
[0, 1, 1, 0.5, 1, 1, 1, 1, 0, 1, 1, 0.5, 1, 1, 1, 0.5, 0, 0.5, 1, 1, 1, 1, 1, 1, 0.5, 0.5, 1, 1, 1, 0.5, 1, 1, 0.5, 1, 1, 0, 1, 1, 0.5, 0.5, 0, 0.5, 1, 0.5, 1, 1, 1, 1, 1, 1]
[0.5, 1, 1, 1, 1, 1, 1, 1, 0, 1, 1, 1, 1, 1, 1, 1, 0, 0.5, 1, 1, 0, 1, 1, 0, 0.5, 0.5, 1, 1, 1, 0.5, 1, 1, 1, 1, 1, 0, 1, 1, 0.5, 1, 0.5, 0.5, 1, 0.5, 1, 1, 0, 1, 1, 1]
[0.5, 1, 1, 1, 1, 1, 0, 1, 0.5, 1, 1, 1, 1, 1, 0, 1, 0, 1, 1, 1, 0, 1, 1, 0.5, 1, 0.5, 1, 1, 1, 1, 1, 1, 1, 1, 1, 0, 1, 1, 0.5, 1, 1, 0.5, 1, 0.5, 1, 1, 0.5, 1, 0, 1]
[0.5, 1, 1, 1, 1, 1, 0.5, 1, 0.5, 1, 1, 0, 0, 1, 0.5, 1, 0.5, 1, 1, 1, 0, 1, 1, 1, 1, 1, 1, 1, 1, 1, 1, 1, 1, 1, 1, 0.5, 1, 1, 0.5, 0, 1, 0.5, 1, 1, 1, 1, 1, 1, 0, 0]
[0.5, 1, 1, 0, 1, 1, 1, 1, 0.5, 1, 1, 0, 0.5, 1, 0.5, 1, 0.5, 1, 1, 1, 0.5, 1, 1, 1, 1, 1, 1, 1, 1, 1, 1, 1, 1, 1, 1, 0.5, 1, 1, 1, 0, 1, 0.5, 1, 1, 1, 1, 1, 1, 0.5, 0]
[1, 1, 1, 0.5, 1, 1, 0, 1, 0.5, 1, 1, 0.5, 0.5, 1, 1, 1, 0.5, 0, 1, 1, 0.5, 1, 1, 1, 1, 1, 1, 1, 1, 1, 0, 1, 1, 1, 1, 0.5, 1, 1, 1, 0.5, 1, 0.5, 1, 1, 1, 1, 1, 1, 0.5, 0.5]
[1, 1, 1, 0.5, 1, 1, 0, 1, 1, 1, 1, 0.5, 1, 1, 1, 1, 0.5, 0.5, 0, 1, 0.5, 1, 1, 1, 0, 1, 1, 1, 1, 1, 0, 1, 1, 1, 1, 0.5, 1, 1, 1, 1, 1, 0.5, 1, 1, 1, 1, 1, 1, 0.5, 1]
[1, 1, 0, 1, 1, 1, 0.5, 1, 1, 1, 1, 0.5, 1, 0, 1, 1, 0.5, 0.5, 0, 1, 0.5, 1, 1, 0, 0, 1, 0, 1, 1, 1, 0, 1, 1, 1, 1, 0.5, 1, 1, 1, 1, 1, 0.5, 1, 0, 1, 1, 1, 1, 0.5, 1]
[1, 1, 0.5, 1, 1, 1, 0.5, 1, 1, 1, 1, 0.5, 1, 0.5, 1, 1, 0.5, 0.5, 0.5, 1, 1, 1, 0, 0.5, 0, 1, 0, 1, 1, 1, 0, 1, 1, 1, 1, 0.5, 1, 1, 1, 1, 1, 0.5, 1, 0, 1, 1, 1, 1, 0.5, 1]
[1, 1, 1, 0, 1, 1, 0.5, 1, 1, 0, 1, 0.5, 1, 1, 1, 1, 1, 0.5, 0.5, 1, 1, 1, 0, 1, 0.5, 1, 0.5, 1, 1, 1, 0.5, 1, 1, 1, 1, 0.5, 0, 0, 1, 0, 1, 0.5, 1, 0.5, 1, 1, 1, 1, 0.5, 1]
[1, 1, 1, 0, 1, 1, 1, 1, 1, 0.5, 1, 1, 1, 1, 1, 1, 1, 0.5, 0.5, 1, 1, 1, 0.5, 1, 0.5, 1, 0.5, 1, 1, 1, 0.5, 1, 1, 1, 1, 0.5, 0.5, 0, 1, 0.5, 0, 0.5, 1, 1, 1, 1, 1, 1, 0.5, 1]
[1, 1, 1, 0, 1, 1, 1, 1, 1, 0.5, 1, 1, 1, 1, 0, 1, 1, 1, 1, 1, 1, 1, 0.5, 1, 0.5, 1, 0.5, 1, 1, 1, 0.5, 1, 1, 1, 1, 0.5, 0.5, 0.5, 1, 1, 0, 0.5, 1, 1, 1, 1, 1, 1, 0.5, 1]
[1, 1, 1, 0, 1, 1, 0, 1, 1, 1, 1, 1, 1, 0, 0.5, 1, 1, 1, 1, 1, 0, 1, 0.5, 1, 0.5, 1, 0.5, 1, 1, 1, 0.5, 1, 0, 1, 0, 0.5, 0.5, 1, 1, 1, 0.5, 1, 1, 1, 1, 1, 1, 1, 0.5, 1]
[1, 1, 1, 0.5, 1, 1, 0, 1, 1, 1, 1, 1, 1, 0, 1, 1, 1, 1, 1, 1, 0.5, 1, 0.5, 1, 0.5, 1, 0.5, 1, 1, 1, 0.5, 0, 0.5, 1, 0.5, 0.5, 0.5, 1, 1, 1, 1, 1, 1, 1, 1, 1, 1, 1, 0.5, 1]
[1, 1, 1, 1, 0, 1, 0, 1, 1, 1, 1, 1, 1, 0.5, 1, 0, 1, 1, 1, 1, 1, 1, 0.5, 1, 0.5, 1, 1, 1, 1, 1, 0.5, 0.5, 1, 1, 1, 0.5, 0.5, 1, 1, 1, 1, 1, 1, 1, 1, 1, 1, 1, 0.5, 1]
[0, 1, 1, 1, 0, 1, 0.5, 1, 1, 1, 1, 1, 1, 1, 0, 0.5, 1, 1, 1, 1, 1, 1, 0.5, 1, 0.5, 1, 1, 1, 1, 1, 0.5, 1, 1, 1, 1, 1, 1, 1, 1, 1, 1, 1, 1, 1, 1, 1, 1, 1, 0.5, 1]
[0.5, 0, 0, 0, 0.5, 1, 1, 1, 1, 1, 1, 1, 1, 1, 0, 1, 1, 1, 1, 1, 1, 1, 1, 1, 1, 1, 1, 1, 0, 1, 1, 1, 1, 1, 1, 1, 1, 1, 1, 1, 1, 1, 1, 1, 0, 1, 1, 1, 0.5, 1]
[0.5, 0.5, 0, 0, 1, 1, 0, 1, 1, 1, 1, 1, 1, 0, 0.5, 1, 1, 1, 1, 1, 1, 1, 1, 0, 1, 1, 1, 1, 0, 1, 1, 1, 1, 1, 1, 0, 1, 1, 1, 1, 0, 0, 1, 1, 0.5, 0, 0, 1, 0.5, 1]
[1, 0.5, 0, 0, 1, 1, 0.5, 1, 1, 1, 1, 1, 1, 0, 1, 1, 1, 0, 1, 1, 1, 1, 1, 0, 1, 0, 1, 1, 0, 1, 1, 1, 1, 1, 1, 0, 1, 1, 1, 1, 0, 0.5, 1, 1, 0.5, 0.5, 0, 1, 0.5, 1]
--- 0.036904096603393555 segundos ---
