80
20
0.1
0.5
0.05
50
[0.5, 0.5, 0.5, 0.5, 0.5, 0.5, 0.5, 0.5, 0.5, 0.5, 0.5, 0.5, 0.5, 0.5, 0.5, 0.5, 0.5, 0.5, 0.5, 0.5, 0.5, 0.5, 0.5, 0.5, 0.5, 0.5, 0.5, 0.5, 0.5, 1, 0.5, 0.5, 0.5, 0.5, 0.5, 0.5, 0.5, 0.5, 0.5, 0.5, 0.5, 0.5, 0.5, 0.5, 0.5, 0.5, 0.5, 0.5, 0.5, 0.5, 0.5, 0.5, 0.5, 0.5, 0.5, 0.5, 0.5, 0.5, 0.5, 0.5, 0.5, 0.5, 0.5, 0.5, 0.5, 0.5, 0.5, 0.5, 0.5, 0.5, 0.5, 0.5, 0.5, 0.5, 0.5, 0.5, 0.5, 0.5, 0.5, 0.5]
[0.5, 0.5, 0.5, 0.5, 0.5, 0.5, 0.5, 0.5, 0.5, 0.5, 0.5, 0.5, 0.5, 0.5, 0.5, 0.5, 0.5, 0.5, 1, 0.5, 0.5, 0.5, 0.5, 0.5, 0.5, 0.5, 0.5, 0.5, 0.5, 1, 0.5, 0.5, 0.5, 0.5, 0.5, 0.5, 0.5, 0.5, 0.5, 0.5, 0.5, 0.5, 0.5, 0.5, 0.5, 0.5, 0.5, 0.5, 0.5, 0.5, 0.5, 0.5, 0.5, 0.5, 0.5, 0.5, 0.5, 0.5, 0.5, 0.5, 0.5, 0.5, 0.5, 0.5, 0.5, 0.5, 0.5, 0.5, 0.5, 0.5, 0.5, 0.5, 0.5, 0.5, 0.5, 0.5, 0.5, 0.5, 0.5, 0.5]
[0.5, 0.5, 0.5, 0.5, 0.5, 0.5, 0.5, 0.5, 0.5, 0.5, 0.5, 0.5, 0.5, 0.5, 0.5, 0.5, 0.5, 0.5, 1, 0.5, 0.5, 0.5, 0.5, 0.5, 0.5, 0.5, 0.5, 0.5, 1, 1, 0.5, 0.5, 0.5, 0.5, 0.5, 0.5, 0.5, 0.5, 0.5, 0.5, 0.5, 0.5, 0.5, 0.5, 0.5, 0.5, 0.5, 0.5, 0.5, 0.5, 0.5, 0.5, 0.5, 0.5, 0.5, 1, 0.5, 0.5, 0.5, 0.5, 0.5, 0.5, 0.5, 0.5, 0.5, 0.5, 0.5, 0.5, 0.5, 0.5, 0.5, 0.5, 0.5, 0.5, 0.5, 0.5, 0.5, 0.5, 0.5, 0.5]
[0.5, 0.5, 0.5, 0.5, 0.5, 0.5, 0.5, 0.5, 0.5, 0.5, 0.5, 0.5, 0.5, 0.5, 0.5, 0.5, 0.5, 0.5, 1, 0.5, 0.5, 0.5, 0.5, 0.5, 0.5, 0.5, 0.5, 0.5, 1, 1, 0.5, 0.5, 0.5, 0.5, 0.5, 0.5, 0.5, 0.5, 0.5, 0.5, 0.5, 0.5, 0.5, 0.5, 0.5, 0.5, 0.5, 0.5, 0.5, 0.5, 0.5, 0.5, 1, 0.5, 0.5, 1, 0.5, 0.5, 0.5, 0.5, 0.5, 0.5, 0.5, 0.5, 0.5, 0.5, 0.5, 0.5, 0.5, 0.5, 0.5, 0.5, 0.5, 0.5, 0.5, 0.5, 0.5, 0.5, 0.5, 0.5]
[0.5, 0.5, 0.5, 0.5, 0.5, 0.5, 0.5, 0.5, 0.5, 0.5, 0.5, 0.5, 1, 1, 0.5, 0.5, 0.5, 0.5, 1, 0.5, 0.5, 0.5, 0.5, 0.5, 0.5, 0.5, 0.5, 0.5, 0, 1, 0.5, 0.5, 0.5, 0.5, 0.5, 0.5, 0.5, 0.5, 0.5, 0.5, 1, 0.5, 0.5, 0.5, 0.5, 0.5, 1, 0.5, 0.5, 0.5, 0.5, 0.5, 0, 0.5, 0.5, 0, 0.5, 1, 0.5, 0.5, 0.5, 0.5, 0.5, 0.5, 0.5, 0.5, 1, 0.5, 0.5, 0.5, 0.5, 0.5, 0.5, 0.5, 0.5, 0.5, 0.5, 0.5, 0.5, 0.5]
[0.5, 1, 0.5, 0.5, 0.5, 0.5, 0.5, 0.5, 0.5, 1, 0.5, 0.5, 1, 1, 0.5, 0.5, 0.5, 0.5, 1, 0.5, 0.5, 0.5, 0.5, 0.5, 0.5, 1, 0.5, 0.5, 0, 1, 0.5, 0.5, 0.5, 0.5, 0.5, 0.5, 0.5, 0.5, 0.5, 0.5, 0, 1, 0.5, 0.5, 0.5, 0.5, 1, 0.5, 0.5, 0.5, 0.5, 0.5, 0, 0.5, 0.5, 0, 0.5, 1, 0.5, 0.5, 0.5, 1, 0.5, 0.5, 0.5, 0.5, 1, 0.5, 0.5, 0.5, 0.5, 0.5, 0.5, 0.5, 0.5, 0.5, 0.5, 0.5, 0.5, 0.5]
[0.5, 1, 0.5, 0.5, 0.5, 0.5, 0.5, 0.5, 0.5, 0, 0.5, 0.5, 1, 1, 0.5, 0.5, 0.5, 0.5, 0, 0.5, 0.5, 0.5, 0.5, 0.5, 0.5, 1, 1, 0.5, 0, 1, 0.5, 1, 0.5, 0.5, 0.5, 0.5, 0.5, 0.5, 0.5, 0.5, 0, 1, 0.5, 0.5, 0.5, 0.5, 0, 1, 0.5, 0.5, 0.5, 0.5, 0, 1, 0.5, 0, 0.5, 0, 0.5, 0.5, 0.5, 0, 0.5, 0.5, 0.5, 0.5, 0, 0.5, 0.5, 0.5, 0.5, 0.5, 0.5, 0.5, 0.5, 0.5, 0.5, 0.5, 0.5, 0.5]
[1, 0, 0.5, 0.5, 0.5, 1, 0.5, 0.5, 0.5, 0, 0.5, 1, 1, 0, 0.5, 0.5, 1, 0.5, 0, 0.5, 0.5, 0.5, 0.5, 0.5, 0.5, 1, 0, 0.5, 0, 1, 0.5, 0, 0.5, 0.5, 1, 0.5, 0.5, 0.5, 0.5, 0.5, 0, 0, 0.5, 0.5, 0.5, 0.5, 0, 1, 1, 0.5, 0.5, 1, 0, 1, 0.5, 0, 0.5, 0, 0.5, 0.5, 0.5, 0, 0.5, 0.5, 0.5, 0.5, 0, 0.5, 0.5, 0.5, 0.5, 1, 0.5, 0.5, 0.5, 0.5, 0.5, 1, 0.5, 0.5]
[1, 0, 0.5, 0.5, 1, 0, 1, 0.5, 0.5, 0, 1, 0, 0, 0, 0.5, 0.5, 1, 0.5, 0, 0.5, 0.5, 1, 0.5, 0.5, 1, 1, 0.5, 0.5, 0, 1, 0.5, 0, 0.5, 0.5, 1, 0.5, 0.5, 1, 0.5, 0.5, 0, 0, 0.5, 1, 0.5, 0.5, 0, 1, 1, 0.5, 0.5, 0, 0, 1, 1, 0, 0.5, 0, 0.5, 0.5, 0.5, 0, 0.5, 1, 0.5, 0.5, 0, 0.5, 0.5, 0.5, 1, 1, 0.5, 0.5, 0.5, 1, 0.5, 1, 0.5, 1]
[1, 0, 1, 0.5, 0, 0, 1, 0.5, 0.5, 0, 1, 0, 0, 0, 1, 1, 1, 0.5, 0.5, 0.5, 0.5, 0, 1, 1, 1, 0, 1, 1, 0, 0, 0.5, 0, 0.5, 1, 0, 0.5, 0.5, 0, 0.5, 1, 0, 0, 0.5, 0, 0.5, 1, 0, 1, 1, 1, 0.5, 0, 0, 1, 0, 0, 0.5, 0, 0.5, 1, 0.5, 0, 0.5, 1, 0.5, 0.5, 0, 0.5, 0.5, 1, 1, 1, 0.5, 0.5, 0.5, 0, 1, 0, 1, 1]
[0, 0, 1, 1, 0, 0, 1, 0.5, 1, 0, 0, 0, 0, 0, 1, 1, 0, 1, 0.5, 0.5, 0.5, 0, 0, 1, 1, 0, 1, 1, 0, 0, 0.5, 0, 1, 0, 0, 0.5, 0.5, 0, 0.5, 1, 0, 0, 0.5, 0, 0.5, 0, 0, 1, 1, 0, 0.5, 0, 0, 1, 0, 0, 0.5, 0, 0.5, 0, 0.5, 0, 0.5, 0, 0.5, 1, 0.5, 0.5, 0.5, 0, 0, 0, 1, 0.5, 1, 0, 0, 0, 1, 1]
[0, 0, 1, 0, 0, 0, 0, 0.5, 1, 0, 0, 0, 0, 0, 1, 0, 0, 0, 0.5, 1, 0.5, 0, 0, 1, 1, 0, 1, 0, 0, 0, 0.5, 0.5, 1, 0, 0, 0.5, 0.5, 0, 0.5, 1, 0, 0, 0.5, 0, 0.5, 0, 0.5, 1, 0, 0.5, 0.5, 0, 0, 0, 0, 0, 0.5, 0, 0.5, 0, 0.5, 0, 0.5, 0, 0.5, 0, 1, 0.5, 0.5, 0, 0, 0, 0, 0.5, 0, 0, 0, 0, 1, 1]
[0, 0, 0, 0, 0, 0, 0, 0.5, 0, 0, 0, 0, 0, 0, 1, 0, 0.5, 0, 0.5, 0, 1, 0, 0, 1, 0, 0, 1, 0, 0, 0.5, 0.5, 1, 0, 0, 0, 0.5, 0.5, 0, 1, 1, 0, 0, 0.5, 0, 1, 0, 1, 1, 0.5, 0.5, 0.5, 0, 0, 0, 0, 0, 0.5, 0, 0.5, 0, 0.5, 0, 0.5, 0, 0.5, 0, 0, 0.5, 0.5, 0, 0, 0, 0, 0.5, 0, 0, 0, 0, 0, 0]
[0, 0, 0, 0, 0, 0, 0, 1, 0, 0, 0, 0, 0, 0.5, 0, 0, 1, 0, 1, 0, 1, 0, 0, 1, 0, 0.5, 0, 0, 0, 0.5, 0.5, 0, 0, 0, 0, 0.5, 0.5, 0, 1, 0, 0.5, 0, 0.5, 0, 0, 0, 0, 0, 0.5, 0.5, 0.5, 0, 0, 0, 0, 0, 0.5, 0, 0.5, 0, 0.5, 0, 0.5, 0, 0.5, 0, 0, 0.5, 0.5, 0, 0, 0, 0, 0.5, 0, 0, 0, 0, 0, 0]
[0, 0, 0, 0, 0, 0, 0, 0, 0, 0, 0, 0, 0, 0.5, 0, 0, 0, 0, 1, 0, 0, 0, 0, 1, 0, 0.5, 0, 0, 0, 1, 0.5, 0, 0, 0, 0, 1, 0.5, 0, 0, 0, 1, 0, 0.5, 0, 0, 0, 0, 0, 0.5, 0.5, 0.5, 0, 0, 0, 0, 0, 0.5, 0, 0.5, 0, 0.5, 0, 0.5, 0, 0.5, 0, 0, 0.5, 0.5, 0, 0, 0, 0, 0.5, 0, 0, 0, 0, 0, 0]
[0, 0, 0, 0, 0, 0.5, 0, 0, 0, 0, 0, 0, 0, 0.5, 0, 0.5, 0, 0, 0, 0, 0, 0, 0, 1, 0, 0.5, 0, 0, 0, 1, 0.5, 0, 0, 0, 0, 0, 0.5, 0, 0, 0.5, 0, 0, 0.5, 0, 0, 0, 0, 0, 0.5, 0.5, 0.5, 0, 0, 0, 0, 0, 0.5, 0, 0.5, 0, 0.5, 0, 0.5, 0, 0.5, 0, 0, 0.5, 0.5, 0, 0, 0, 0, 0.5, 0, 0, 0, 0, 0, 0.5]
[0, 0, 0, 0, 0, 0.5, 0, 0, 0, 0.5, 0, 0, 0, 0.5, 0, 0.5, 0, 0, 0, 0, 0, 0, 0, 1, 0, 0.5, 0, 0, 0, 1, 0.5, 0, 0, 0, 0, 0, 0.5, 0, 0, 0.5, 0, 0, 0.5, 0, 0, 0, 0, 0, 0.5, 0.5, 0.5, 0, 0, 0, 0, 0, 0.5, 0, 0.5, 0, 0.5, 0, 0.5, 0, 0.5, 0, 0, 0.5, 0.5, 0, 0, 0, 0, 0.5, 0, 0, 0, 0, 0, 0.5]
[0, 0, 0, 0, 0.5, 0.5, 0, 0, 0, 0.5, 0, 0, 0, 0.5, 0, 0.5, 0, 0, 0, 0, 0, 0, 0, 0, 0, 0.5, 0, 0, 0, 1, 0.5, 0, 0, 0, 0, 0, 0.5, 0, 0, 0.5, 0, 0.5, 0.5, 0, 0, 0, 0, 0, 0.5, 0.5, 0.5, 0, 0, 0, 0, 0, 0.5, 0, 0.5, 0, 0.5, 0, 0.5, 0, 0.5, 0, 0, 0.5, 0.5, 0, 0, 0, 0, 0.5, 0, 0, 0, 0, 0, 0.5]
[0.5, 0, 0, 0, 0.5, 0.5, 0, 0, 0, 0.5, 0, 0, 0, 0.5, 0, 0.5, 0, 0, 0, 0, 0, 0.5, 0, 0, 0, 0.5, 0, 0, 0, 0, 0.5, 0, 0, 0, 0, 0, 0.5, 0, 0, 0.5, 0, 0.5, 0.5, 0, 0, 0, 0, 0, 0.5, 0.5, 0.5, 0, 0, 0, 0, 0, 0.5, 0, 0.5, 0, 0.5, 0, 0.5, 0, 0.5, 0.5, 0, 0.5, 0.5, 0, 0, 0.5, 0, 0.5, 0, 0, 0, 0, 0, 0.5]
[0.5, 0, 0, 0, 0.5, 0.5, 0, 0, 0, 0.5, 0, 0, 0, 0.5, 0, 0.5, 0, 0, 0, 0, 0, 0.5, 0, 0, 0, 0.5, 0, 0, 0, 0, 0.5, 0, 0, 0, 0, 0.5, 0.5, 0, 0, 0.5, 0, 0.5, 0.5, 0, 0, 0, 0, 0, 0.5, 0.5, 0.5, 0, 0, 0, 0, 0, 0.5, 0, 0.5, 0, 0.5, 0, 0.5, 0, 0.5, 0.5, 0, 0.5, 0.5, 0, 0, 0.5, 0, 0.5, 0.5, 0, 0, 0, 0, 0.5]
[0.5, 0, 0, 0, 0.5, 0.5, 0, 0, 0, 0.5, 0, 0, 0, 0.5, 0, 0.5, 0, 0, 0, 0, 0, 0.5, 0, 0, 0.5, 0.5, 0, 0, 0, 0, 0.5, 0, 0, 0, 0, 0.5, 0.5, 0, 0, 0.5, 0, 0.5, 0.5, 0, 0, 0, 0, 0, 0.5, 0.5, 0.5, 0, 0, 0, 0, 0, 0.5, 0, 0.5, 0, 0.5, 0, 0.5, 0, 0.5, 0.5, 0, 0.5, 0.5, 0, 0, 0.5, 0, 0.5, 0.5, 0, 0, 0, 0.5, 0.5]
[0.5, 0, 0, 0, 0.5, 0.5, 0, 0.5, 0, 0.5, 0, 0, 0, 0.5, 0, 0.5, 0, 0, 0, 0, 0, 0.5, 0, 0, 0.5, 0.5, 0, 0, 0, 0, 0.5, 0, 0, 0, 0, 0.5, 0.5, 0, 0, 0.5, 0, 0.5, 0.5, 0, 0, 0, 0, 0, 0.5, 0.5, 0.5, 0, 0, 0, 0, 0, 0.5, 0.5, 0.5, 0, 0.5, 0, 0.5, 0.5, 0.5, 0.5, 0, 0.5, 0.5, 0, 0, 0.5, 0, 0.5, 0.5, 0, 0, 0, 0.5, 0.5]
[0.5, 0, 0, 0, 0.5, 0.5, 0, 0.5, 0, 0.5, 0, 0.5, 0, 0.5, 0, 0.5, 0, 0, 0, 0, 0, 0.5, 0, 0, 0.5, 0.5, 0, 0, 0, 0, 0.5, 0, 0, 0, 0, 0.5, 0.5, 0, 0, 0.5, 0, 0.5, 0.5, 0, 0, 0, 0, 0, 0.5, 0.5, 0.5, 0, 0, 0, 0, 0, 0.5, 0.5, 0.5, 0, 0.5, 0, 0.5, 0.5, 0.5, 0.5, 0, 0.5, 0.5, 0.5, 0, 0.5, 0, 0.5, 0.5, 0, 0, 0, 0.5, 0.5]
[0.5, 0, 0, 0, 0.5, 0.5, 0, 0.5, 0, 0.5, 0, 0.5, 0, 0.5, 0, 0.5, 0, 0, 0, 0, 0, 0.5, 0, 0, 0.5, 0.5, 0, 0.5, 0, 0, 0.5, 0, 0, 0, 0, 0.5, 0.5, 0, 0, 0.5, 0, 0.5, 0.5, 0, 0, 0, 0, 0, 0.5, 0.5, 0.5, 0, 0, 0, 0, 0, 0.5, 0.5, 0.5, 0, 0.5, 0, 0.5, 0.5, 0.5, 0.5, 0, 0.5, 0.5, 0.5, 0, 0.5, 0, 0.5, 0.5, 0, 0, 0, 0.5, 0.5]
[0.5, 0, 0, 0, 0.5, 0.5, 0, 0.5, 0, 0.5, 0, 0.5, 0.5, 0.5, 0, 0.5, 0, 0, 0, 0, 0, 0.5, 0, 0, 0.5, 0.5, 0, 0.5, 0, 0, 0.5, 0, 0, 0, 0, 0.5, 0.5, 0, 0, 0.5, 0, 0.5, 0.5, 0, 0, 0, 0, 0, 0.5, 0.5, 0.5, 0, 0, 0, 0, 0, 0.5, 0.5, 0.5, 0, 0.5, 0, 0.5, 0.5, 0.5, 0.5, 0, 0.5, 0.5, 0.5, 0, 0.5, 0, 0.5, 0.5, 0, 0, 0, 0.5, 0.5]
[0.5, 0, 0, 0, 0.5, 0.5, 0, 0.5, 0, 0.5, 0, 0.5, 0.5, 0.5, 0, 0.5, 0.5, 0, 0, 0, 0, 0.5, 0, 0, 0.5, 0.5, 0, 0.5, 0, 0, 0.5, 0.5, 0, 0, 0, 0.5, 0.5, 0, 0, 0.5, 0, 0.5, 0.5, 0, 0, 0, 0, 0, 0.5, 0.5, 0.5, 0, 0, 0, 0, 0, 0.5, 0.5, 0.5, 0, 0.5, 0, 0.5, 0.5, 0.5, 0.5, 0, 0.5, 0.5, 0.5, 0, 0.5, 0, 0.5, 0.5, 0, 0, 0, 0.5, 0.5]
[0.5, 0, 0, 0, 0.5, 0.5, 0, 0.5, 0, 0.5, 0, 0.5, 0.5, 0.5, 0, 0.5, 0.5, 0.5, 0, 0, 0, 0.5, 0, 0, 0.5, 0.5, 0, 0.5, 0, 0, 0.5, 0.5, 0, 0, 0, 0.5, 0.5, 0, 0, 0.5, 0, 0.5, 0.5, 0, 0, 0, 0, 0, 0.5, 0.5, 0.5, 0, 0, 0, 0, 0, 0.5, 0.5, 0.5, 0, 0.5, 0, 0.5, 0.5, 0.5, 0.5, 0, 0.5, 0.5, 0.5, 0, 0.5, 0, 0.5, 0.5, 0, 0, 0, 0.5, 0.5]
[0.5, 0.5, 0, 0, 0.5, 0.5, 0, 0.5, 0, 0.5, 0, 0.5, 0.5, 0.5, 0, 0.5, 0.5, 0.5, 0, 0, 0, 0.5, 0, 0, 0.5, 0.5, 0, 0.5, 0, 0, 0.5, 0.5, 0, 0, 0, 0.5, 0.5, 0, 0, 0.5, 0, 0.5, 0.5, 0, 0, 0, 0, 0, 0.5, 0.5, 0.5, 0.5, 0, 0, 0, 0, 0.5, 0.5, 0.5, 0, 0.5, 0, 0.5, 0.5, 0.5, 0.5, 0, 0.5, 0.5, 0.5, 0, 0.5, 0, 0.5, 0.5, 0, 0, 0, 0.5, 0.5]
[0.5, 0.5, 0, 0, 0.5, 0.5, 0, 0.5, 0, 0.5, 0, 0.5, 0.5, 0.5, 0, 0.5, 0.5, 0.5, 0, 0, 0, 0.5, 0, 0, 0.5, 0.5, 0, 0.5, 0, 0, 0.5, 0.5, 0.5, 0, 0, 0.5, 0.5, 0, 0, 0.5, 0, 0.5, 0.5, 0, 0, 0, 0, 0, 0.5, 0.5, 0.5, 0.5, 0, 0, 0, 0, 0.5, 0.5, 0.5, 0, 0.5, 0, 0.5, 0.5, 0.5, 0.5, 0, 0.5, 0.5, 0.5, 0, 0.5, 0, 0.5, 0.5, 0, 0, 0, 0.5, 0.5]
[0.5, 0.5, 0, 0, 0.5, 0.5, 0, 0.5, 0, 0.5, 0, 0.5, 0.5, 0.5, 0, 0.5, 0.5, 0.5, 0, 0, 0, 0.5, 0, 0, 0.5, 0.5, 0, 0.5, 0, 0, 0.5, 0.5, 0.5, 0, 0, 0.5, 0.5, 0, 0, 0.5, 0, 0.5, 0.5, 0, 0, 0, 0, 0, 0.5, 0.5, 0.5, 0.5, 0, 0, 0, 0, 0.5, 0.5, 0.5, 0, 0.5, 0, 0.5, 0.5, 0.5, 0.5, 0, 0.5, 0.5, 0.5, 0, 0.5, 0, 0.5, 0.5, 0, 0, 0, 0.5, 0.5]
[0.5, 0.5, 0, 0, 0.5, 0.5, 0, 0.5, 0, 0.5, 0, 0.5, 0.5, 0.5, 0, 0.5, 0.5, 0.5, 0, 0, 0, 0.5, 0, 0, 0.5, 0.5, 0, 0.5, 0, 0, 0.5, 0.5, 0.5, 0.5, 0, 0.5, 0.5, 0, 0, 0.5, 0, 0.5, 0.5, 0, 0, 0, 0, 0, 0.5, 0.5, 0.5, 0.5, 0, 0, 0, 0, 0.5, 0.5, 0.5, 0, 0.5, 0, 0.5, 0.5, 0.5, 0.5, 0, 0.5, 0.5, 0.5, 0, 0.5, 0, 0.5, 0.5, 0, 0, 0, 0.5, 0.5]
[0.5, 0.5, 0, 0, 0.5, 0.5, 0, 0.5, 0, 0.5, 0, 0.5, 0.5, 0.5, 0, 0.5, 0.5, 0.5, 0, 0, 0, 0.5, 0, 0, 0.5, 0.5, 0, 0.5, 0, 0, 0.5, 0.5, 0.5, 0.5, 0.5, 0.5, 0.5, 0, 0, 0.5, 0, 0.5, 0.5, 0, 0, 0, 0, 0, 0.5, 0.5, 0.5, 0.5, 0, 0, 0, 0.5, 0.5, 0.5, 0.5, 0, 0.5, 0.5, 0.5, 0.5, 0.5, 0.5, 0.5, 0.5, 0.5, 0.5, 0, 0.5, 0, 0.5, 0.5, 0, 0, 0, 0.5, 0.5]
[0.5, 0.5, 0, 0, 0.5, 0.5, 0, 0.5, 0, 0.5, 0, 0.5, 0.5, 0.5, 0, 0.5, 0.5, 0.5, 0, 0, 0, 0.5, 0, 0, 0.5, 0.5, 0, 0.5, 0, 0, 0.5, 0.5, 0.5, 0.5, 0.5, 0.5, 0.5, 0, 0, 0.5, 0, 0.5, 0.5, 0, 0, 0, 0, 0, 0.5, 0.5, 0.5, 0.5, 0, 0, 0, 0.5, 0.5, 0.5, 0.5, 0, 0.5, 0.5, 0.5, 0.5, 0.5, 0.5, 0.5, 0.5, 0.5, 0.5, 0, 0.5, 0, 0.5, 0.5, 0, 0, 0, 0.5, 0.5]
[0.5, 0.5, 0, 0, 0.5, 0.5, 0, 0.5, 0, 0.5, 0, 0.5, 0.5, 0.5, 0, 0.5, 0.5, 0.5, 0, 0, 0, 0.5, 0, 0, 0.5, 0.5, 0, 0.5, 0, 0, 0.5, 0.5, 0.5, 0.5, 0.5, 0.5, 0.5, 0, 0, 0.5, 0, 0.5, 0.5, 0, 0, 0, 0.5, 0, 0.5, 0.5, 0.5, 0.5, 0, 0, 0, 0.5, 0.5, 0.5, 0.5, 0, 0.5, 0.5, 0.5, 0.5, 0.5, 0.5, 0.5, 0.5, 0.5, 0.5, 0, 0.5, 0, 0.5, 0.5, 0, 0, 0, 0.5, 0.5]
[0.5, 0.5, 0, 0, 0.5, 0.5, 0.5, 0.5, 0, 0.5, 0, 0.5, 0.5, 0.5, 0, 0.5, 0.5, 0.5, 0, 0, 0, 0.5, 0, 0, 0.5, 0.5, 0, 0.5, 0, 0, 0.5, 0.5, 0.5, 0.5, 0.5, 0.5, 0.5, 0, 0, 0.5, 0, 0.5, 0.5, 0, 0, 0, 0.5, 0, 0.5, 0.5, 0.5, 0.5, 0, 0, 0, 0.5, 0.5, 0.5, 0.5, 0, 0.5, 0.5, 0.5, 0.5, 0.5, 0.5, 0.5, 0.5, 0.5, 0.5, 0, 0.5, 0, 0.5, 0.5, 0, 0, 0, 0.5, 0.5]
[0.5, 0.5, 0, 0, 0.5, 0.5, 0.5, 0.5, 0, 0.5, 0, 0.5, 0.5, 0.5, 0, 0.5, 0.5, 0.5, 0, 0, 0, 0.5, 0, 0, 0.5, 0.5, 0, 0.5, 0, 0, 0.5, 0.5, 0.5, 0.5, 0.5, 0.5, 0.5, 0, 0, 0.5, 0, 0.5, 0.5, 0, 0, 0, 0.5, 0, 0.5, 0.5, 0.5, 0.5, 0, 0, 0, 0.5, 0.5, 0.5, 0.5, 0, 0.5, 0.5, 0.5, 0.5, 0.5, 0.5, 0.5, 0.5, 0.5, 0.5, 0, 0.5, 0, 0.5, 0.5, 0, 0, 0, 0.5, 0.5]
[0.5, 0.5, 0, 0, 0.5, 0.5, 0.5, 0.5, 0, 0.5, 0, 0.5, 0.5, 0.5, 0, 0.5, 0.5, 0.5, 0, 0, 0, 0.5, 0, 0, 0.5, 0.5, 0, 0.5, 0, 0, 0.5, 0.5, 0.5, 0.5, 0.5, 0.5, 0.5, 0, 0, 0.5, 0, 0.5, 0.5, 0, 0, 0, 0.5, 0, 0.5, 0.5, 0.5, 0.5, 0, 0, 0, 0.5, 0.5, 0.5, 0.5, 0, 0.5, 0.5, 0.5, 0.5, 0.5, 0.5, 0.5, 0.5, 0.5, 0.5, 0, 0.5, 0, 0.5, 0.5, 0, 0, 0, 0.5, 0.5]
[0.5, 0.5, 0, 0, 0.5, 0.5, 0.5, 0.5, 0, 0.5, 0, 0.5, 0.5, 0.5, 0, 0.5, 0.5, 0.5, 0, 0.5, 0, 0.5, 0, 0, 0.5, 0.5, 0, 0.5, 0, 0, 0.5, 0.5, 0.5, 0.5, 0.5, 0.5, 0.5, 0, 0, 0.5, 0, 0.5, 0.5, 0, 0, 0, 0.5, 0, 0.5, 0.5, 0.5, 0.5, 0, 0, 0, 0.5, 0.5, 0.5, 0.5, 0, 0.5, 0.5, 0.5, 0.5, 0.5, 0.5, 0.5, 0.5, 0.5, 0.5, 0, 0.5, 0, 0.5, 0.5, 0, 0, 0, 0.5, 0.5]
[0.5, 0.5, 0, 0, 0.5, 0.5, 0.5, 0.5, 0.5, 0.5, 0, 0.5, 0.5, 0.5, 0, 0.5, 0.5, 0.5, 0, 0.5, 0, 0.5, 0, 0, 0.5, 0.5, 0, 0.5, 0, 0, 0.5, 0.5, 0.5, 0.5, 0.5, 0.5, 0.5, 0, 0, 0.5, 0, 0.5, 0.5, 0, 0.5, 0.5, 0.5, 0, 0.5, 0.5, 0.5, 0.5, 0, 0, 0, 0.5, 0.5, 0.5, 0.5, 0, 0.5, 0.5, 0.5, 0.5, 0.5, 0.5, 0.5, 0.5, 0.5, 0.5, 0, 0.5, 0, 0.5, 0.5, 0, 0.5, 0, 0.5, 0.5]
[0.5, 0.5, 0, 0, 0.5, 0.5, 0.5, 0.5, 0.5, 0.5, 0, 0.5, 0.5, 0.5, 0, 0.5, 0.5, 0.5, 0, 0.5, 0, 0.5, 0, 0, 0.5, 0.5, 0, 0.5, 0, 0, 0.5, 0.5, 0.5, 0.5, 0.5, 0.5, 0.5, 0, 0, 0.5, 0, 0.5, 0.5, 0, 0.5, 0.5, 0.5, 0, 0.5, 0.5, 0.5, 0.5, 0, 0, 0, 0.5, 0.5, 0.5, 0.5, 0, 0.5, 0.5, 0.5, 0.5, 0.5, 0.5, 0.5, 0.5, 0.5, 0.5, 0, 0.5, 0, 0.5, 0.5, 0, 0.5, 0, 0.5, 0.5]
[0.5, 0.5, 0, 0, 0.5, 0.5, 0.5, 0.5, 0.5, 0.5, 0, 0.5, 0.5, 0.5, 0.5, 0.5, 0.5, 0.5, 0, 0.5, 0, 0.5, 0, 0, 0.5, 0.5, 0, 0.5, 0, 0, 0.5, 0.5, 0.5, 0.5, 0.5, 0.5, 0.5, 0, 0, 0.5, 0, 0.5, 0.5, 0, 0.5, 0.5, 0.5, 0, 0.5, 0.5, 0.5, 0.5, 0, 0, 0, 0.5, 0.5, 0.5, 0.5, 0, 0.5, 0.5, 0.5, 0.5, 0.5, 0.5, 0.5, 0.5, 0.5, 0.5, 0, 0.5, 0, 0.5, 0.5, 0, 0.5, 0, 0.5, 0.5]
[0.5, 0.5, 0, 0, 0.5, 0.5, 0.5, 0.5, 0.5, 0.5, 0, 0.5, 0.5, 0.5, 0.5, 0.5, 0.5, 0.5, 0, 0.5, 0, 0.5, 0, 0, 0.5, 0.5, 0, 0.5, 0, 0, 0.5, 0.5, 0.5, 0.5, 0.5, 0.5, 0.5, 0, 0, 0.5, 0, 0.5, 0.5, 0, 0.5, 0.5, 0.5, 0, 0.5, 0.5, 0.5, 0.5, 0, 0, 0, 0.5, 0.5, 0.5, 0.5, 0, 0.5, 0.5, 0.5, 0.5, 0.5, 0.5, 0.5, 0.5, 0.5, 0.5, 0, 0.5, 0, 0.5, 0.5, 0, 0.5, 0, 0.5, 0.5]
[0.5, 0.5, 0, 0, 0.5, 0.5, 0.5, 0.5, 0.5, 0.5, 0, 0.5, 0.5, 0.5, 0.5, 0.5, 0.5, 0.5, 0, 0.5, 0, 0.5, 0, 0, 0.5, 0.5, 0, 0.5, 0, 0, 0.5, 0.5, 0.5, 0.5, 0.5, 0.5, 0.5, 0, 0, 0.5, 0, 0.5, 0.5, 0, 0.5, 0.5, 0.5, 0, 0.5, 0.5, 0.5, 0.5, 0, 0, 0, 0.5, 0.5, 0.5, 0.5, 0, 0.5, 0.5, 0.5, 0.5, 0.5, 0.5, 0.5, 0.5, 0.5, 0.5, 0, 0.5, 0, 0.5, 0.5, 0, 0.5, 0, 0.5, 0.5]
[0.5, 0.5, 0, 0, 0.5, 0.5, 0.5, 0.5, 0.5, 0.5, 0, 0.5, 0.5, 0.5, 0.5, 0.5, 0.5, 0.5, 0, 0.5, 0, 0.5, 0, 0, 0.5, 0.5, 0, 0.5, 0, 0, 0.5, 0.5, 0.5, 0.5, 0.5, 0.5, 0.5, 0, 0, 0.5, 0, 0.5, 0.5, 0, 0.5, 0.5, 0.5, 0, 0.5, 0.5, 0.5, 0.5, 0, 0, 0, 0.5, 0.5, 0.5, 0.5, 0, 0.5, 0.5, 0.5, 0.5, 0.5, 0.5, 0.5, 0.5, 0.5, 0.5, 0, 0.5, 0, 0.5, 0.5, 0.5, 0.5, 0, 0.5, 0.5]
[0.5, 0.5, 0, 0, 0.5, 0.5, 0.5, 0.5, 0.5, 0.5, 0, 0.5, 0.5, 0.5, 0.5, 0.5, 0.5, 0.5, 0, 0.5, 0, 0.5, 0, 0, 0.5, 0.5, 0, 0.5, 0, 0, 0.5, 0.5, 0.5, 0.5, 0.5, 0.5, 0.5, 0, 0, 0.5, 0, 0.5, 0.5, 0, 0.5, 0.5, 0.5, 0, 0.5, 0.5, 0.5, 0.5, 0, 0, 0, 0.5, 0.5, 0.5, 0.5, 0, 0.5, 0.5, 0.5, 0.5, 0.5, 0.5, 0.5, 0.5, 0.5, 0.5, 0, 0.5, 0, 0.5, 0.5, 0.5, 0.5, 0, 0.5, 0.5]
[0.5, 0.5, 0, 0, 0.5, 0.5, 0.5, 0.5, 0.5, 0.5, 0, 0.5, 0.5, 0.5, 0.5, 0.5, 0.5, 0.5, 0, 0.5, 0, 0.5, 0, 0, 0.5, 0.5, 0, 0.5, 0, 0, 0.5, 0.5, 0.5, 0.5, 0.5, 0.5, 0.5, 0, 0, 0.5, 0, 0.5, 0.5, 0, 0.5, 0.5, 0.5, 0, 0.5, 0.5, 0.5, 0.5, 0, 0, 0, 0.5, 0.5, 0.5, 0.5, 0, 0.5, 0.5, 0.5, 0.5, 0.5, 0.5, 0.5, 0.5, 0.5, 0.5, 0, 0.5, 0.5, 0.5, 0.5, 0.5, 0.5, 0, 0.5, 0.5]
[0.5, 0.5, 0, 0, 0.5, 0.5, 0.5, 0.5, 0.5, 0.5, 0, 0.5, 0.5, 0.5, 0.5, 0.5, 0.5, 0.5, 0, 0.5, 0, 0.5, 0, 0, 0.5, 0.5, 0, 0.5, 0, 0.5, 0.5, 0.5, 0.5, 0.5, 0.5, 0.5, 0.5, 0, 0, 0.5, 0, 0.5, 0.5, 0, 0.5, 0.5, 0.5, 0, 0.5, 0.5, 0.5, 0.5, 0, 0, 0, 0.5, 0.5, 0.5, 0.5, 0, 0.5, 0.5, 0.5, 0.5, 0.5, 0.5, 0.5, 0.5, 0.5, 0.5, 0, 0.5, 0.5, 0.5, 0.5, 0.5, 0.5, 0, 0.5, 0.5]
[0.5, 0.5, 0, 0, 0.5, 0.5, 0.5, 0.5, 0.5, 0.5, 0, 0.5, 0.5, 0.5, 0.5, 0.5, 0.5, 0.5, 0.5, 0.5, 0, 0.5, 0.5, 0, 0.5, 0.5, 0, 0.5, 0, 0.5, 0.5, 0.5, 0.5, 0.5, 0.5, 0.5, 0.5, 0, 0, 0.5, 0, 0.5, 0.5, 0, 0.5, 0.5, 0.5, 0, 0.5, 0.5, 0.5, 0.5, 0, 0, 0, 0.5, 0.5, 0.5, 0.5, 0, 0.5, 0.5, 0.5, 0.5, 0.5, 0.5, 0.5, 0.5, 0.5, 0.5, 0, 0.5, 0.5, 0.5, 0.5, 0.5, 0.5, 0, 0.5, 0.5]
[0.5, 0.5, 0, 0, 0.5, 0.5, 0.5, 0.5, 0.5, 0.5, 0, 0.5, 0.5, 0.5, 0.5, 0.5, 0.5, 0.5, 0.5, 0.5, 0, 0.5, 0.5, 0, 0.5, 0.5, 0, 0.5, 0, 0.5, 0.5, 0.5, 0.5, 0.5, 0.5, 0.5, 0.5, 0, 0, 0.5, 0, 0.5, 0.5, 0, 0.5, 0.5, 0.5, 0, 0.5, 0.5, 0.5, 0.5, 0, 0, 0, 0.5, 0.5, 0.5, 0.5, 0, 0.5, 0.5, 0.5, 0.5, 0.5, 0.5, 0.5, 0.5, 0.5, 0.5, 0.5, 0.5, 0.5, 0.5, 0.5, 0.5, 0.5, 0, 0.5, 0.5]
[0.5, 0.5, 0, 0, 0.5, 0.5, 0.5, 0.5, 0.5, 0.5, 0, 0.5, 0.5, 0.5, 0.5, 0.5, 0.5, 0.5, 0.5, 0.5, 0, 0.5, 0.5, 0, 0.5, 0.5, 0, 0.5, 0, 0.5, 0.5, 0.5, 0.5, 0.5, 0.5, 0.5, 0.5, 0, 0, 0.5, 0, 0.5, 0.5, 0, 0.5, 0.5, 0.5, 0.5, 0.5, 0.5, 0.5, 0.5, 0, 0, 0, 0.5, 0.5, 0.5, 0.5, 0, 0.5, 0.5, 0.5, 0.5, 0.5, 0.5, 0.5, 0.5, 0.5, 0.5, 0.5, 0.5, 0.5, 0.5, 0.5, 0.5, 0.5, 0, 0.5, 0.5]
[0.5, 0.5, 0, 0, 0.5, 0.5, 0.5, 0.5, 0.5, 0.5, 0, 0.5, 0.5, 0.5, 0.5, 0.5, 0.5, 0.5, 0.5, 0.5, 0.5, 0.5, 0.5, 0, 0.5, 0.5, 0.5, 0.5, 0, 0.5, 0.5, 0.5, 0.5, 0.5, 0.5, 0.5, 0.5, 0, 0, 0.5, 0, 0.5, 0.5, 0, 0.5, 0.5, 0.5, 0.5, 0.5, 0.5, 0.5, 0.5, 0, 0, 0, 0.5, 0.5, 0.5, 0.5, 0, 0.5, 0.5, 0.5, 0.5, 0.5, 0.5, 0.5, 0.5, 0.5, 0.5, 0.5, 0.5, 0.5, 0.5, 0.5, 0.5, 0.5, 0, 0.5, 0.5]
--- 0.12579011917114258 segundos ---
