8
0.0
0.2
0.0
100
[0.5, 0.5, 0.5, 0.5, 1, 0.5, 0.5, 0.5]
[0.5, 0.5, 0.5, 0.5, 1, 0.5, 0.5, 0.5]
[0.5, 0.5, 0.5, 0.5, 1, 0.5, 0.5, 0.5]
[0.5, 0.5, 0.5, 0.5, 1, 0.5, 0.5, 0.5]
[0.5, 0.5, 0.5, 0.5, 1, 0.5, 0.5, 0.5]
[0.5, 0.5, 0.5, 0.5, 1, 0.5, 0.5, 0.5]
[0.5, 0.5, 0.5, 0.5, 1, 0.5, 0.5, 0.5]
[0.5, 0.5, 0.5, 0.5, 1, 0.5, 0.5, 0.5]
[0.5, 0.5, 0.5, 0.5, 1, 0.5, 0.5, 0.5]
[0.5, 0.5, 0.5, 0.5, 1, 0.5, 0.5, 0.5]
[0.5, 0.5, 0.5, 0.5, 1, 0.5, 0.5, 0.5]
[0.5, 0.5, 0.5, 0.5, 1, 0.5, 0.5, 0.5]
[0.5, 0.5, 0.5, 0.5, 1, 0.5, 0.5, 0.5]
[0.5, 0.5, 0.5, 0.5, 1, 0.5, 0.5, 0.5]
[0.5, 0.5, 0.5, 0.5, 1, 0.5, 0.5, 0.5]
[0.5, 0.5, 0.5, 0.5, 1, 0.5, 0.5, 0.5]
[0.5, 0.5, 0.5, 0.5, 1, 0.5, 0.5, 0.5]
[0.5, 0.5, 0.5, 0.5, 1, 0.5, 0.5, 0.5]
[0.5, 0.5, 0.5, 0.5, 1, 0.5, 0.5, 0.5]
[0.5, 0.5, 0.5, 0.5, 1, 0.5, 0.5, 0.5]
[0.5, 0.5, 0.5, 0.5, 1, 0.5, 0.5, 0.5]
[0.5, 0.5, 0.5, 0.5, 1, 0.5, 0.5, 0.5]
[0.5, 0.5, 0.5, 0.5, 1, 0.5, 0.5, 0.5]
[0.5, 0.5, 0.5, 0.5, 1, 0.5, 0.5, 0.5]
[0.5, 0.5, 0.5, 0.5, 1, 0.5, 0.5, 0.5]
[0.5, 0.5, 0.5, 0.5, 1, 0.5, 0.5, 0.5]
[0.5, 0.5, 0.5, 0.5, 1, 0.5, 0.5, 0.5]
[0.5, 0.5, 0.5, 0.5, 1, 0.5, 0.5, 0.5]
[0.5, 0.5, 0.5, 0.5, 1, 0.5, 0.5, 0.5]
[0.5, 0.5, 0.5, 0.5, 1, 0.5, 0.5, 0.5]
[0.5, 0.5, 0.5, 0.5, 1, 0.5, 0.5, 0.5]
[0.5, 0.5, 0.5, 0.5, 1, 0.5, 0.5, 0.5]
[0.5, 0.5, 0.5, 0.5, 1, 0.5, 0.5, 0.5]
[0.5, 0.5, 0.5, 0.5, 1, 0.5, 0.5, 0.5]
[0.5, 0.5, 0.5, 0.5, 1, 0.5, 0.5, 0.5]
[0.5, 0.5, 0.5, 0.5, 1, 0.5, 0.5, 0.5]
[0.5, 0.5, 0.5, 0.5, 1, 0.5, 0.5, 0.5]
[0.5, 0.5, 0.5, 0.5, 1, 0.5, 0.5, 0.5]
[0.5, 0.5, 0.5, 0.5, 1, 0.5, 0.5, 0.5]
[0.5, 0.5, 0.5, 0.5, 1, 0.5, 0.5, 0.5]
[0.5, 0.5, 0.5, 0.5, 1, 0.5, 0.5, 0.5]
[0.5, 0.5, 0.5, 0.5, 1, 0.5, 0.5, 0.5]
[0.5, 0.5, 0.5, 0.5, 1, 0.5, 0.5, 0.5]
[0.5, 0.5, 0.5, 0.5, 1, 0.5, 0.5, 0.5]
[0.5, 0.5, 0.5, 0.5, 1, 0.5, 0.5, 0.5]
[0.5, 0.5, 0.5, 0.5, 1, 0.5, 0.5, 0.5]
[0.5, 0.5, 0.5, 0.5, 1, 0.5, 0.5, 0.5]
[0.5, 0.5, 0.5, 0.5, 1, 0.5, 0.5, 0.5]
[0.5, 0.5, 0.5, 0.5, 1, 0.5, 0.5, 0.5]
[0.5, 0.5, 0.5, 0.5, 1, 0.5, 0.5, 0.5]
[0.5, 0.5, 0.5, 0.5, 1, 0.5, 0.5, 0.5]
[0.5, 0.5, 0.5, 0.5, 1, 0.5, 0.5, 0.5]
[0.5, 0.5, 0.5, 0.5, 1, 0.5, 0.5, 0.5]
[0.5, 0.5, 0.5, 0.5, 1, 0.5, 0.5, 0.5]
[0.5, 0.5, 0.5, 0.5, 1, 0.5, 0.5, 0.5]
[0.5, 0.5, 0.5, 0.5, 1, 0.5, 0.5, 0.5]
[0.5, 0.5, 0.5, 0.5, 1, 0.5, 0.5, 0.5]
[0.5, 0.5, 0.5, 0.5, 1, 0.5, 0.5, 0.5]
[0.5, 0.5, 0.5, 0.5, 1, 0.5, 0.5, 0.5]
[0.5, 0.5, 0.5, 0.5, 1, 0.5, 0.5, 0.5]
[0.5, 0.5, 0.5, 0.5, 1, 0.5, 0.5, 0.5]
[0.5, 0.5, 0.5, 0.5, 1, 0.5, 0.5, 0.5]
[0.5, 0.5, 0.5, 0.5, 1, 0.5, 0.5, 0.5]
[0.5, 0.5, 0.5, 0.5, 1, 0.5, 0.5, 0.5]
[0.5, 0.5, 0.5, 0.5, 1, 0.5, 0.5, 0.5]
[0.5, 0.5, 0.5, 0.5, 1, 0.5, 0.5, 0.5]
[0.5, 0.5, 0.5, 0.5, 1, 0.5, 0.5, 0.5]
[0.5, 0.5, 0.5, 0.5, 1, 0.5, 0.5, 0.5]
[0.5, 0.5, 0.5, 0.5, 1, 0.5, 0.5, 0.5]
[0.5, 0.5, 0.5, 0.5, 1, 0.5, 0.5, 0.5]
[0.5, 0.5, 0.5, 0.5, 1, 0.5, 0.5, 0.5]
[0.5, 0.5, 0.5, 0.5, 1, 0.5, 0.5, 0.5]
[0.5, 0.5, 0.5, 0.5, 1, 0.5, 0.5, 0.5]
[0.5, 0.5, 0.5, 0.5, 1, 0.5, 0.5, 0.5]
[0.5, 0.5, 0.5, 0.5, 1, 0.5, 0.5, 0.5]
[0.5, 0.5, 0.5, 0.5, 1, 0.5, 0.5, 0.5]
[0.5, 0.5, 0.5, 0.5, 1, 0.5, 0.5, 0.5]
[0.5, 0.5, 0.5, 0.5, 1, 0.5, 0.5, 0.5]
[0.5, 0.5, 0.5, 0.5, 1, 0.5, 0.5, 0.5]
[0.5, 0.5, 0.5, 0.5, 1, 0.5, 0.5, 0.5]
[0.5, 0.5, 0.5, 0.5, 1, 0.5, 0.5, 0.5]
[0.5, 0.5, 0.5, 0.5, 1, 0.5, 0.5, 0.5]
[0.5, 0.5, 0.5, 0.5, 1, 0.5, 0.5, 0.5]
[0.5, 0.5, 0.5, 0.5, 1, 0.5, 0.5, 0.5]
[0.5, 0.5, 0.5, 0.5, 1, 0.5, 0.5, 0.5]
[0.5, 0.5, 0.5, 0.5, 1, 0.5, 0.5, 0.5]
[0.5, 0.5, 0.5, 0.5, 1, 0.5, 0.5, 0.5]
[0.5, 0.5, 0.5, 0.5, 1, 0.5, 0.5, 0.5]
[0.5, 0.5, 0.5, 0.5, 1, 0.5, 0.5, 0.5]
[0.5, 0.5, 0.5, 0.5, 1, 0.5, 0.5, 0.5]
[0.5, 0.5, 0.5, 0.5, 1, 0.5, 0.5, 0.5]
[0.5, 0.5, 0.5, 0.5, 1, 0.5, 0.5, 0.5]
[0.5, 0.5, 0.5, 0.5, 1, 0.5, 0.5, 0.5]
[0.5, 0.5, 0.5, 0.5, 1, 0.5, 0.5, 0.5]
[0.5, 0.5, 0.5, 0.5, 1, 0.5, 0.5, 0.5]
[0.5, 0.5, 0.5, 0.5, 1, 0.5, 0.5, 0.5]
[0.5, 0.5, 0.5, 0.5, 1, 0.5, 0.5, 0.5]
[0.5, 0.5, 0.5, 0.5, 1, 0.5, 0.5, 0.5]
[0.5, 0.5, 0.5, 0.5, 1, 0.5, 0.5, 0.5]
[0.5, 0.5, 0.5, 0.5, 1, 0.5, 0.5, 0.5]
[0.5, 0.5, 0.5, 0.5, 1, 0.5, 0.5, 0.5]
--- 0.008097648620605469 segundos ---
