8
0.0
0.0
0.2
100
[0.5, 0.5, 0.5, 0.5, 1, 0.5, 0.5, 0.5]
[0.5, 0.5, 0.5, 0.5, 1, 0.5, 0.5, 0.5]
[0.5, 0.5, 0.5, 0.5, 1, 0.5, 0.5, 0.5]
[0.5, 0.5, 0.5, 0.5, 1, 0.5, 0.5, 0.5]
[0.5, 0.5, 0.5, 0.5, 1, 0.5, 0.5, 0.5]
[0.5, 0.5, 0.5, 0.5, 1, 0.5, 0.5, 0.5]
[0.5, 0.5, 0.5, 0.5, 1, 0.5, 0.5, 0.5]
[0.5, 0.5, 0.5, 0.5, 1, 0.5, 0.5, 0.5]
[0.5, 0.5, 0.5, 0.5, 1, 0.5, 0.5, 0.5]
[0.5, 0.5, 0.5, 0.5, 1, 0.5, 0.5, 0.5]
[0.5, 0.5, 0.5, 0.5, 1, 0.5, 0.5, 0.5]
[0.5, 0.5, 0.5, 0.5, 1, 0.5, 0.5, 0.5]
[0.5, 0.5, 0.5, 0.5, 1, 0.5, 0.5, 0.5]
[0.5, 0.5, 0.5, 0.5, 1, 0.5, 0.5, 0.5]
[0.5, 0.5, 0.5, 0.5, 1, 0.5, 0.5, 0.5]
[0.5, 0.5, 0.5, 0.5, 1, 0.5, 0.5, 0.5]
[0.5, 0.5, 0.5, 0.5, 1, 0.5, 0.5, 0.5]
[0.5, 0.5, 0.5, 0.5, 1, 0.5, 0.5, 0.5]
[0.5, 0.5, 0.5, 0.5, 1, 0.5, 0.5, 0.5]
[0.5, 0.5, 0.5, 0.5, 1, 0.5, 0.5, 0.5]
[0.5, 0.5, 0.5, 0.5, 1, 0.5, 0.5, 0.5]
[0.5, 0.5, 0.5, 0.5, 1, 0.5, 0.5, 0.5]
[0.5, 0.5, 0.5, 0.5, 1, 0.5, 0.5, 0.5]
[0.5, 0.5, 0.5, 0.5, 1, 0.5, 0.5, 0.5]
[0.5, 0.5, 0.5, 0.5, 1, 0.5, 0.5, 0.5]
[0.5, 0.5, 0.5, 0.5, 1, 0.5, 0.5, 0.5]
[0.5, 0.5, 0.5, 0.5, 1, 0.5, 0.5, 0.5]
[0.5, 0.5, 0.5, 0.5, 1, 0.5, 0.5, 0.5]
[0.5, 0.5, 0.5, 0.5, 1, 0.5, 0.5, 0.5]
[0.5, 0.5, 0.5, 0.5, 1, 0.5, 0.5, 0.5]
[0.5, 0.5, 0.5, 0.5, 1, 0.5, 0.5, 0.5]
[0.5, 0.5, 0.5, 0.5, 1, 0.5, 0.5, 0.5]
[0.5, 0.5, 0.5, 0.5, 1, 0.5, 0.5, 0.5]
[0.5, 0.5, 0.5, 0.5, 1, 0.5, 0.5, 0.5]
[0.5, 0.5, 0.5, 0.5, 1, 0.5, 0.5, 0.5]
[0.5, 0.5, 0.5, 0.5, 1, 0.5, 0.5, 0.5]
[0.5, 0.5, 0.5, 0.5, 1, 0.5, 0.5, 0.5]
[0.5, 0.5, 0.5, 0.5, 1, 0.5, 0.5, 0.5]
[0.5, 0.5, 0.5, 0.5, 1, 0.5, 0.5, 0.5]
[0.5, 0.5, 0.5, 0.5, 1, 0.5, 0.5, 0.5]
[0.5, 0.5, 0.5, 0.5, 1, 0.5, 0.5, 0.5]
[0.5, 0.5, 0.5, 0.5, 1, 0.5, 0.5, 0.5]
[0.5, 0.5, 0.5, 0.5, 1, 0.5, 0.5, 0.5]
[0.5, 0.5, 0.5, 0.5, 1, 0.5, 0.5, 0.5]
[0.5, 0.5, 0.5, 0.5, 1, 0.5, 0.5, 0.5]
[0.5, 0.5, 0.5, 0.5, 1, 0.5, 0.5, 0.5]
[0.5, 0.5, 0.5, 0.5, 1, 0.5, 0.5, 0.5]
[0.5, 0.5, 0.5, 0.5, 1, 0.5, 0.5, 0.5]
[0.5, 0.5, 0.5, 0.5, 1, 0.5, 0.5, 0.5]
[0.5, 0.5, 0.5, 0.5, 1, 0.5, 0.5, 0.5]
[0.5, 0.5, 0.5, 0.5, 1, 0.5, 0.5, 0.5]
[0.5, 0.5, 0.5, 0.5, 1, 0.5, 0.5, 0.5]
[0.5, 0.5, 0.5, 0.5, 1, 0.5, 0.5, 0.5]
[0.5, 0.5, 0.5, 0.5, 1, 0.5, 0.5, 0.5]
[0.5, 0.5, 0.5, 0.5, 1, 0.5, 0.5, 0.5]
[0.5, 0.5, 0.5, 0.5, 1, 0.5, 0.5, 0.5]
[0.5, 0.5, 0.5, 0.5, 1, 0.5, 0.5, 0.5]
[0.5, 0.5, 0.5, 0.5, 1, 0.5, 0.5, 0.5]
[0.5, 0.5, 0.5, 0.5, 1, 0.5, 0.5, 0.5]
[0.5, 0.5, 0.5, 0.5, 1, 0.5, 0.5, 0.5]
[0.5, 0.5, 0.5, 0.5, 1, 0.5, 0.5, 0.5]
[0.5, 0.5, 0.5, 0.5, 1, 0.5, 0.5, 0.5]
[0.5, 0.5, 0.5, 0.5, 1, 0.5, 0.5, 0.5]
[0.5, 0.5, 0.5, 0.5, 1, 0.5, 0.5, 0.5]
[0.5, 0.5, 0.5, 0.5, 1, 0.5, 0.5, 0.5]
[0.5, 0.5, 0.5, 0.5, 1, 0.5, 0.5, 0.5]
[0.5, 0.5, 0.5, 0.5, 1, 0.5, 0.5, 0.5]
[0.5, 0.5, 0.5, 0.5, 1, 0.5, 0.5, 0.5]
[0.5, 0.5, 0.5, 0.5, 1, 0.5, 0.5, 0.5]
[0.5, 0.5, 0.5, 0.5, 1, 0.5, 0.5, 0.5]
[0.5, 0.5, 0.5, 0.5, 1, 0.5, 0.5, 0.5]
[0.5, 0.5, 0.5, 0.5, 1, 0.5, 0.5, 0.5]
[0.5, 0.5, 0.5, 0.5, 1, 0.5, 0.5, 0.5]
[0.5, 0.5, 0.5, 0.5, 1, 0.5, 0.5, 0.5]
[0.5, 0.5, 0.5, 0.5, 1, 0.5, 0.5, 0.5]
[0.5, 0.5, 0.5, 0.5, 1, 0.5, 0.5, 0.5]
[0.5, 0.5, 0.5, 0.5, 1, 0.5, 0.5, 0.5]
[0.5, 0.5, 0.5, 0.5, 1, 0.5, 0.5, 0.5]
[0.5, 0.5, 0.5, 0.5, 1, 0.5, 0.5, 0.5]
[0.5, 0.5, 0.5, 0.5, 1, 0.5, 0.5, 0.5]
[0.5, 0.5, 0.5, 0.5, 1, 0.5, 0.5, 0.5]
[0.5, 0.5, 0.5, 0.5, 1, 0.5, 0.5, 0.5]
[0.5, 0.5, 0.5, 0.5, 1, 0.5, 0.5, 0.5]
[0.5, 0.5, 0.5, 0.5, 1, 0.5, 0.5, 0.5]
[0.5, 0.5, 0.5, 0.5, 1, 0.5, 0.5, 0.5]
[0.5, 0.5, 0.5, 0.5, 1, 0.5, 0.5, 0.5]
[0.5, 0.5, 0.5, 0.5, 1, 0.5, 0.5, 0.5]
[0.5, 0.5, 0.5, 0.5, 1, 0.5, 0.5, 0.5]
[0.5, 0.5, 0.5, 0.5, 1, 0.5, 0.5, 0.5]
[0.5, 0.5, 0.5, 0.5, 1, 0.5, 0.5, 0.5]
[0.5, 0.5, 0.5, 0.5, 1, 0.5, 0.5, 0.5]
[0.5, 0.5, 0.5, 0.5, 1, 0.5, 0.5, 0.5]
[0.5, 0.5, 0.5, 0.5, 1, 0.5, 0.5, 0.5]
[0.5, 0.5, 0.5, 0.5, 1, 0.5, 0.5, 0.5]
[0.5, 0.5, 0.5, 0.5, 1, 0.5, 0.5, 0.5]
[0.5, 0.5, 0.5, 0.5, 1, 0.5, 0.5, 0.5]
[0.5, 0.5, 0.5, 0.5, 1, 0.5, 0.5, 0.5]
[0.5, 0.5, 0.5, 0.5, 1, 0.5, 0.5, 0.5]
[0.5, 0.5, 0.5, 0.5, 1, 0.5, 0.5, 0.5]
[0.5, 0.5, 0.5, 0.5, 1, 0.5, 0.5, 0.5]
[0.5, 0.5, 0.5, 0.5, 1, 0.5, 0.5, 0.5]
--- 0.008086204528808594 segundos ---
