8
0.30000000000000004
0.4
0.0
100
[0.5, 0.5, 0.5, 0.5, 1, 0.5, 0.5, 0.5]
[0.5, 0.5, 0.5, 0.5, 1, 0.5, 0.5, 0.5]
[0.5, 0.5, 0.5, 0.5, 1, 1, 0.5, 0.5]
[0.5, 0.5, 0.5, 0.5, 1, 1, 0, 0.5]
[0.5, 0.5, 0.5, 0.5, 1, 1, 0, 0.5]
[0.5, 0.5, 0.5, 0.5, 1, 0, 0, 0.5]
[0.5, 0.5, 0.5, 0.5, 1, 0, 0, 0.5]
[0.5, 0.5, 0.5, 0.5, 1, 0, 0, 0.5]
[0.5, 0.5, 0.5, 0.5, 1, 0, 0, 0.5]
[0.5, 0.5, 0.5, 0.5, 1, 0, 0, 0.5]
[0.5, 0.5, 1, 0.5, 1, 0, 0, 0.5]
[0.5, 0.5, 1, 0.5, 1, 0, 0, 0.5]
[0.5, 0.5, 0, 0.5, 1, 0, 0, 0.5]
[0.5, 0.5, 0, 0.5, 1, 0, 0, 0.5]
[0.5, 0.5, 0, 0.5, 1, 0, 0, 0.5]
[0.5, 0.5, 0, 0.5, 1, 0, 0, 0.5]
[0.5, 0.5, 0, 0.5, 1, 0, 0, 0.5]
[0.5, 0.5, 0, 0.5, 1, 0, 0, 0.5]
[0.5, 0.5, 0, 0.5, 1, 0, 0, 0.5]
[0.5, 0.5, 0, 0.5, 1, 0, 0, 0.5]
[0.5, 0.5, 0, 0.5, 1, 0, 0, 0.5]
[0.5, 0.5, 0, 0.5, 1, 0, 0, 0.5]
[0.5, 0.5, 0, 0.5, 1, 0, 0, 0.5]
[0.5, 0.5, 0, 0.5, 1, 0, 0, 0.5]
[0.5, 0.5, 0, 0.5, 1, 0, 0, 0.5]
[0.5, 0.5, 0, 0.5, 1, 0, 0, 0.5]
[0.5, 0.5, 0, 0.5, 1, 0, 0, 0.5]
[0.5, 0.5, 0, 0.5, 1, 0, 0, 0.5]
[0.5, 0.5, 0, 0.5, 1, 0, 0, 0.5]
[0.5, 0.5, 0, 0.5, 1, 0, 0, 0.5]
[0.5, 0.5, 0, 0.5, 1, 0, 0, 0.5]
[0.5, 0.5, 0, 0.5, 1, 0, 0, 0.5]
[0.5, 0.5, 0, 0.5, 1, 0, 0, 0.5]
[0.5, 0.5, 0, 0.5, 1, 0, 0, 0.5]
[0.5, 0.5, 0, 0.5, 1, 0, 0, 0.5]
[0.5, 0.5, 0, 0.5, 1, 0, 0, 0.5]
[0.5, 0.5, 0, 0.5, 1, 0, 0, 0.5]
[0.5, 0.5, 0, 0.5, 1, 0, 0, 0.5]
[0.5, 0.5, 0, 0.5, 1, 0, 0, 0.5]
[0.5, 0.5, 0, 0.5, 1, 0, 0, 0.5]
[0.5, 0.5, 0, 0.5, 1, 0, 0, 0.5]
[0.5, 0.5, 0, 0.5, 1, 0, 0, 0.5]
[0.5, 0.5, 0, 0.5, 1, 0, 0, 0.5]
[0.5, 0.5, 0, 0.5, 1, 0, 0, 0.5]
[0.5, 0.5, 0, 0.5, 1, 0, 0, 0.5]
[0.5, 0.5, 0, 0.5, 1, 0, 0, 0.5]
[0.5, 0.5, 0, 0.5, 1, 0, 0, 0.5]
[0.5, 0.5, 0, 0.5, 1, 0, 0, 0.5]
[0.5, 0.5, 0, 0.5, 1, 0, 0, 0.5]
[0.5, 0.5, 0, 0.5, 1, 0, 0, 0.5]
[0.5, 0.5, 0, 0.5, 1, 0, 0, 0.5]
[0.5, 0.5, 0, 0.5, 1, 0, 0, 0.5]
[0.5, 0.5, 0, 0.5, 1, 0, 0, 0.5]
[0.5, 0.5, 0, 0.5, 1, 0, 0, 0.5]
[0.5, 0.5, 0, 0.5, 1, 0, 0, 0.5]
[0.5, 0.5, 0, 0.5, 1, 0, 0, 0.5]
[0.5, 0.5, 0, 0.5, 1, 0, 0, 0.5]
[0.5, 0.5, 0, 0.5, 1, 0, 0, 0.5]
[0.5, 0.5, 0, 0.5, 1, 0, 0, 0.5]
[0.5, 0.5, 0, 0.5, 1, 0, 0, 0.5]
[0.5, 0.5, 0, 0.5, 1, 0, 0, 0.5]
[0.5, 0.5, 0, 0.5, 1, 0, 0, 0.5]
[0.5, 0.5, 0, 0.5, 1, 0, 0, 0.5]
[0.5, 0.5, 0, 0.5, 1, 0, 0, 0.5]
[0.5, 0.5, 0, 0.5, 1, 0, 0, 0.5]
[0.5, 0.5, 0, 0.5, 1, 0, 0, 0.5]
[0.5, 0.5, 0, 0.5, 1, 0, 0, 0.5]
[0.5, 0.5, 0, 0.5, 1, 0, 0, 0.5]
[0.5, 0.5, 0, 0.5, 1, 0, 0, 0.5]
[0.5, 0.5, 0, 0.5, 1, 0, 0, 0.5]
[0.5, 0.5, 0, 0.5, 1, 0, 0, 0.5]
[0.5, 0.5, 0, 0.5, 1, 0, 0, 0.5]
[0.5, 0.5, 0, 0.5, 1, 0, 0, 0.5]
[0.5, 0.5, 0, 0.5, 1, 0, 0, 0.5]
[0.5, 0.5, 0, 0.5, 1, 0, 0, 0.5]
[0.5, 0.5, 0, 0.5, 1, 0, 0, 0.5]
[0.5, 0.5, 0, 0.5, 1, 0, 0, 0.5]
[0.5, 0.5, 0, 0.5, 1, 0, 0, 0.5]
[0.5, 0.5, 0, 0.5, 1, 0, 0, 0.5]
[0.5, 0.5, 0, 0.5, 1, 0, 0, 0.5]
[0.5, 0.5, 0, 0.5, 1, 0, 0, 0.5]
[0.5, 0.5, 0, 0.5, 1, 0, 0, 0.5]
[0.5, 0.5, 0, 0.5, 1, 0, 0, 0.5]
[0.5, 0.5, 0, 0.5, 1, 0, 0, 0.5]
[0.5, 0.5, 0, 0.5, 1, 0, 0, 0.5]
[0.5, 0.5, 0, 0.5, 1, 0, 0, 0.5]
[0.5, 0.5, 0, 0.5, 1, 0, 0, 0.5]
[0.5, 0.5, 0, 0.5, 1, 0, 0, 0.5]
[0.5, 0.5, 0, 0.5, 1, 0, 0, 0.5]
[0.5, 0.5, 0, 0.5, 1, 0, 0, 0.5]
[0.5, 0.5, 0, 0.5, 1, 0, 0, 0.5]
[0.5, 0.5, 0, 0.5, 1, 0, 0, 0.5]
[0.5, 0.5, 0, 0.5, 1, 0, 0, 0.5]
[0.5, 0.5, 0, 0.5, 1, 0, 0, 0.5]
[0.5, 0.5, 0, 0.5, 1, 0, 0, 0.5]
[0.5, 0.5, 0, 0.5, 1, 0, 0, 0.5]
[0.5, 0.5, 0, 0.5, 1, 0, 0, 0.5]
[0.5, 0.5, 0, 0.5, 1, 0, 0, 0.5]
[0.5, 0.5, 0, 0.5, 1, 0, 0, 0.5]
[0.5, 0.5, 0, 0.5, 1, 0, 0, 0.5]
[0.5, 0.5, 0, 0.5, 1, 0, 0, 0.5]
--- 0.006995201110839844 segundos ---
