8
0.4
0.0
0.0
100
[0.5, 0.5, 0.5, 0.5, 1, 0.5, 0.5, 0.5]
[0.5, 0.5, 1, 0.5, 1, 0.5, 0.5, 0.5]
[0.5, 0.5, 1, 0.5, 1, 0.5, 0.5, 0.5]
[0.5, 0.5, 1, 0.5, 1, 0.5, 0.5, 0.5]
[0.5, 0.5, 1, 0.5, 1, 1, 0.5, 0.5]
[0.5, 0.5, 1, 0.5, 1, 1, 0.5, 0.5]
[0.5, 0.5, 1, 0.5, 1, 1, 0.5, 0.5]
[0.5, 0.5, 1, 0.5, 1, 1, 0.5, 0.5]
[0.5, 0.5, 1, 0.5, 1, 1, 0.5, 0.5]
[0.5, 0.5, 1, 0.5, 1, 1, 0.5, 0.5]
[0.5, 0.5, 1, 0.5, 1, 1, 0.5, 0.5]
[0.5, 0.5, 1, 0.5, 1, 1, 0.5, 0.5]
[0.5, 0.5, 1, 0.5, 1, 1, 0.5, 0.5]
[0.5, 0.5, 1, 0.5, 1, 1, 0.5, 0.5]
[0.5, 0.5, 1, 0.5, 1, 1, 0.5, 0.5]
[0.5, 0.5, 1, 0.5, 1, 1, 0.5, 0.5]
[0.5, 0.5, 1, 0.5, 1, 1, 0.5, 0.5]
[0.5, 0.5, 1, 0.5, 1, 1, 0.5, 0.5]
[0.5, 0.5, 1, 0.5, 1, 1, 0.5, 0.5]
[0.5, 0.5, 1, 0.5, 1, 1, 0.5, 0.5]
[0.5, 0.5, 1, 0.5, 1, 1, 0.5, 0.5]
[0.5, 0.5, 1, 0.5, 1, 1, 0.5, 0.5]
[0.5, 0.5, 1, 0.5, 1, 1, 0.5, 0.5]
[0.5, 0.5, 1, 0.5, 1, 1, 0.5, 0.5]
[0.5, 0.5, 1, 0.5, 1, 1, 0.5, 0.5]
[0.5, 0.5, 1, 0.5, 1, 1, 0.5, 0.5]
[0.5, 0.5, 1, 0.5, 1, 1, 0.5, 0.5]
[0.5, 0.5, 1, 0.5, 1, 1, 0.5, 0.5]
[0.5, 0.5, 1, 0.5, 1, 1, 0.5, 0.5]
[0.5, 0.5, 1, 0.5, 1, 1, 0.5, 0.5]
[0.5, 0.5, 1, 0.5, 1, 1, 0.5, 0.5]
[0.5, 0.5, 1, 0.5, 1, 1, 0.5, 0.5]
[0.5, 0.5, 1, 0.5, 1, 1, 0.5, 0.5]
[0.5, 0.5, 1, 0.5, 1, 1, 0.5, 0.5]
[0.5, 0.5, 1, 0.5, 1, 1, 0.5, 0.5]
[0.5, 0.5, 1, 0.5, 1, 1, 0.5, 0.5]
[0.5, 0.5, 1, 0.5, 1, 1, 0.5, 0.5]
[0.5, 0.5, 1, 0.5, 1, 1, 0.5, 0.5]
[0.5, 0.5, 1, 0.5, 1, 1, 0.5, 0.5]
[0.5, 0.5, 1, 0.5, 1, 1, 0.5, 0.5]
[0.5, 0.5, 1, 0.5, 1, 1, 0.5, 0.5]
[0.5, 0.5, 1, 0.5, 1, 1, 0.5, 0.5]
[0.5, 0.5, 1, 0.5, 1, 1, 0.5, 0.5]
[0.5, 0.5, 1, 0.5, 1, 1, 0.5, 0.5]
[0.5, 0.5, 1, 0.5, 1, 1, 0.5, 0.5]
[0.5, 0.5, 1, 0.5, 1, 1, 0.5, 0.5]
[0.5, 0.5, 1, 0.5, 1, 1, 0.5, 0.5]
[0.5, 0.5, 1, 0.5, 1, 1, 0.5, 0.5]
[0.5, 0.5, 1, 0.5, 1, 1, 0.5, 0.5]
[0.5, 0.5, 1, 0.5, 1, 1, 0.5, 0.5]
[0.5, 0.5, 1, 0.5, 1, 1, 0.5, 0.5]
[0.5, 0.5, 1, 0.5, 1, 1, 0.5, 0.5]
[0.5, 0.5, 1, 0.5, 1, 1, 0.5, 0.5]
[0.5, 0.5, 1, 0.5, 1, 1, 0.5, 0.5]
[0.5, 0.5, 1, 0.5, 1, 1, 0.5, 0.5]
[0.5, 0.5, 1, 0.5, 1, 1, 0.5, 0.5]
[0.5, 0.5, 1, 0.5, 1, 1, 0.5, 0.5]
[0.5, 0.5, 1, 0.5, 1, 1, 0.5, 0.5]
[0.5, 0.5, 1, 0.5, 1, 1, 0.5, 0.5]
[0.5, 0.5, 1, 0.5, 1, 1, 0.5, 0.5]
[0.5, 0.5, 1, 0.5, 1, 1, 0.5, 0.5]
[0.5, 0.5, 1, 0.5, 1, 1, 0.5, 0.5]
[0.5, 0.5, 1, 0.5, 1, 1, 0.5, 0.5]
[0.5, 0.5, 1, 0.5, 1, 1, 0.5, 0.5]
[0.5, 0.5, 1, 0.5, 1, 1, 0.5, 0.5]
[0.5, 0.5, 1, 0.5, 1, 1, 0.5, 0.5]
[0.5, 0.5, 1, 0.5, 1, 1, 0.5, 0.5]
[0.5, 0.5, 1, 0.5, 1, 1, 0.5, 0.5]
[0.5, 0.5, 1, 0.5, 1, 1, 0.5, 0.5]
[0.5, 0.5, 1, 0.5, 1, 1, 0.5, 0.5]
[0.5, 0.5, 1, 0.5, 1, 1, 0.5, 0.5]
[0.5, 0.5, 1, 0.5, 1, 1, 0.5, 0.5]
[0.5, 0.5, 1, 0.5, 1, 1, 0.5, 0.5]
[0.5, 0.5, 1, 0.5, 1, 1, 0.5, 0.5]
[0.5, 0.5, 1, 0.5, 1, 1, 0.5, 0.5]
[0.5, 0.5, 1, 0.5, 1, 1, 0.5, 0.5]
[0.5, 0.5, 1, 0.5, 1, 1, 0.5, 0.5]
[0.5, 0.5, 1, 0.5, 1, 1, 0.5, 0.5]
[0.5, 0.5, 1, 0.5, 1, 1, 0.5, 0.5]
[0.5, 0.5, 1, 0.5, 1, 1, 0.5, 0.5]
[0.5, 0.5, 1, 0.5, 1, 1, 0.5, 0.5]
[0.5, 0.5, 1, 0.5, 1, 1, 0.5, 0.5]
[0.5, 0.5, 1, 0.5, 1, 1, 0.5, 0.5]
[0.5, 0.5, 1, 0.5, 1, 1, 0.5, 0.5]
[0.5, 0.5, 1, 0.5, 1, 1, 0.5, 0.5]
[0.5, 0.5, 1, 0.5, 1, 1, 0.5, 0.5]
[0.5, 0.5, 1, 0.5, 1, 1, 0.5, 0.5]
[0.5, 0.5, 1, 0.5, 1, 1, 0.5, 0.5]
[0.5, 0.5, 1, 0.5, 1, 1, 0.5, 0.5]
[0.5, 0.5, 1, 0.5, 1, 1, 0.5, 0.5]
[0.5, 0.5, 1, 0.5, 1, 1, 0.5, 0.5]
[0.5, 0.5, 1, 0.5, 1, 1, 0.5, 0.5]
[0.5, 0.5, 1, 0.5, 1, 1, 0.5, 0.5]
[0.5, 0.5, 1, 0.5, 1, 1, 0.5, 0.5]
[0.5, 0.5, 1, 0.5, 1, 1, 0.5, 0.5]
[0.5, 0.5, 1, 0.5, 1, 1, 0.5, 0.5]
[0.5, 0.5, 1, 0.5, 1, 1, 0.5, 0.5]
[0.5, 0.5, 1, 0.5, 1, 1, 0.5, 0.5]
[0.5, 0.5, 1, 0.5, 1, 1, 0.5, 0.5]
[0.5, 0.5, 1, 0.5, 1, 1, 0.5, 0.5]
[0.5, 0.5, 1, 0.5, 1, 1, 0.5, 0.5]
--- 0.007105827331542969 segundos ---
