8
0.4
0.2
0.1
100
[0.5, 0.5, 0.5, 0.5, 1, 0.5, 0.5, 0.5]
[0.5, 0.5, 0.5, 0.5, 1, 0.5, 0.5, 0.5]
[0.5, 0.5, 0.5, 0.5, 1, 0.5, 0.5, 0.5]
[0.5, 0.5, 0.5, 0.5, 1, 0.5, 0.5, 0.5]
[0.5, 0.5, 0.5, 0.5, 1, 1, 0.5, 0.5]
[0.5, 0.5, 0.5, 0.5, 1, 0, 0.5, 0.5]
[0.5, 0.5, 0.5, 0.5, 1, 0, 0.5, 0.5]
[0.5, 0.5, 0.5, 0.5, 1, 0, 0.5, 0.5]
[0.5, 0.5, 1, 0.5, 1, 0, 0.5, 0.5]
[0.5, 0.5, 0, 0.5, 1, 0, 1, 0.5]
[0.5, 0.5, 0, 0.5, 1, 0.5, 1, 0.5]
[0.5, 0.5, 0, 0.5, 1, 1, 1, 0.5]
[0.5, 0.5, 0, 0.5, 1, 1, 1, 0.5]
[0.5, 0.5, 0, 0.5, 1, 1, 1, 0.5]
[0.5, 0.5, 0, 0.5, 1, 0, 1, 0.5]
[0.5, 0.5, 0, 0.5, 1, 0, 1, 0.5]
[0.5, 0.5, 0, 0.5, 1, 0, 1, 0.5]
[0.5, 0.5, 0, 0.5, 1, 0, 1, 0.5]
[0.5, 0.5, 0.5, 0.5, 1, 0, 0, 0.5]
[0.5, 0.5, 1, 0.5, 1, 0, 0, 0.5]
[0.5, 0.5, 1, 0.5, 1, 0, 0, 0.5]
[0.5, 0.5, 1, 0.5, 1, 0, 0, 0.5]
[0.5, 0.5, 1, 0.5, 1, 0, 0, 0.5]
[0.5, 0.5, 1, 0.5, 1, 0, 0, 0.5]
[0.5, 0.5, 1, 0.5, 1, 0, 0, 0.5]
[0.5, 0.5, 1, 0.5, 1, 0, 0, 0.5]
[0.5, 0.5, 0, 0.5, 1, 0, 0, 0.5]
[0.5, 0.5, 0, 0.5, 1, 0.5, 0, 0.5]
[0.5, 0.5, 0, 0.5, 1, 0.5, 0, 0.5]
[0.5, 0.5, 0, 0.5, 1, 0.5, 0.5, 0.5]
[0.5, 0.5, 0, 0.5, 1, 0.5, 0.5, 0.5]
[0.5, 0.5, 0, 0.5, 1, 1, 0.5, 0.5]
[0.5, 0.5, 0, 0.5, 1, 0, 0.5, 0.5]
[0.5, 0.5, 0.5, 0.5, 1, 0, 1, 0.5]
[0.5, 0.5, 0.5, 0.5, 1, 0.5, 1, 0.5]
[0.5, 0.5, 0.5, 0.5, 1, 0.5, 1, 0.5]
[0.5, 0.5, 0.5, 0.5, 1, 0.5, 1, 0.5]
[0.5, 0.5, 0.5, 0.5, 1, 0.5, 1, 0.5]
[0.5, 0.5, 1, 0.5, 1, 1, 1, 0.5]
[0.5, 0.5, 1, 0.5, 1, 1, 1, 0.5]
[0.5, 0.5, 1, 0.5, 1, 1, 1, 0.5]
[0.5, 0.5, 1, 0.5, 1, 0, 1, 0.5]
[0.5, 0.5, 1, 0.5, 1, 0, 0, 0.5]
[0.5, 0.5, 1, 0.5, 1, 0, 0, 0.5]
[0.5, 0.5, 1, 0.5, 1, 0, 0, 0.5]
[0.5, 0.5, 0, 0.5, 1, 0, 0, 0.5]
[0.5, 0.5, 0, 0.5, 1, 0, 0, 0.5]
[0.5, 0.5, 0.5, 0.5, 1, 0.5, 0, 0.5]
[0.5, 0.5, 0.5, 0.5, 1, 0.5, 0, 0.5]
[0.5, 0.5, 0.5, 0.5, 1, 1, 0, 0.5]
[0.5, 0.5, 0.5, 0.5, 1, 0, 0, 0.5]
[0.5, 0.5, 0.5, 0.5, 1, 0, 0, 0.5]
[0.5, 0.5, 0.5, 0.5, 1, 0, 0, 0.5]
[0.5, 0.5, 0.5, 0.5, 1, 0, 0, 0.5]
[0.5, 0.5, 0.5, 0.5, 1, 0, 0, 0.5]
[0.5, 0.5, 0.5, 0.5, 1, 0, 0, 0.5]
[0.5, 0.5, 1, 0.5, 1, 0, 0, 0.5]
[0.5, 0.5, 1, 0.5, 1, 0, 0, 0.5]
[0.5, 0.5, 0, 0.5, 1, 0, 0, 0.5]
[0.5, 0.5, 0, 0.5, 1, 0, 0, 0.5]
[0.5, 0.5, 0, 0.5, 1, 0, 0, 0.5]
[0.5, 0.5, 0, 0.5, 1, 0, 0, 0.5]
[0.5, 0.5, 0.5, 0.5, 1, 0, 0, 0.5]
[0.5, 0.5, 1, 0.5, 1, 0, 0, 0.5]
[0.5, 0.5, 1, 0.5, 1, 0, 0, 0.5]
[0.5, 0.5, 1, 0.5, 1, 0, 0, 0.5]
[0.5, 0.5, 0, 0.5, 1, 0, 0, 0.5]
[0.5, 0.5, 0, 0.5, 1, 0, 0, 0.5]
[0.5, 0.5, 0, 0.5, 1, 0, 0, 0.5]
[0.5, 0.5, 0, 0.5, 1, 0, 0, 0.5]
[0.5, 0.5, 0, 0.5, 1, 0, 0, 0.5]
[0.5, 0.5, 0, 0.5, 1, 0.5, 0, 0.5]
[0.5, 0.5, 0, 0.5, 1, 0.5, 0, 0.5]
[0.5, 0.5, 0, 0.5, 1, 1, 0, 0.5]
[0.5, 0.5, 0, 0.5, 1, 0, 0, 0.5]
[0.5, 0.5, 0, 0.5, 1, 0, 0, 0.5]
[0.5, 0.5, 0, 0.5, 1, 0, 0, 0.5]
[0.5, 0.5, 0, 0.5, 1, 0, 0, 0.5]
[0.5, 0.5, 0, 0.5, 1, 0, 0, 0.5]
[0.5, 0.5, 0, 0.5, 1, 0.5, 0, 0.5]
[0.5, 0.5, 0, 0.5, 1, 0.5, 0, 0.5]
[0.5, 0.5, 0, 0.5, 1, 1, 0, 0.5]
[0.5, 0.5, 0, 0.5, 1, 1, 0, 0.5]
[0.5, 0.5, 0, 0.5, 1, 1, 0, 0.5]
[0.5, 0.5, 0, 0.5, 1, 1, 0, 0.5]
[0.5, 0.5, 0, 0.5, 1, 1, 0, 0.5]
[0.5, 0.5, 0, 0.5, 1, 1, 0, 0.5]
[0.5, 0.5, 0, 0.5, 1, 1, 0, 0.5]
[0.5, 0.5, 0.5, 0.5, 1, 1, 0, 0.5]
[0.5, 0.5, 0.5, 0.5, 1, 1, 0, 0.5]
[0.5, 0.5, 1, 0.5, 1, 0, 0, 0.5]
[0.5, 0.5, 1, 0.5, 1, 0, 0, 0.5]
[0.5, 0.5, 1, 0.5, 1, 0, 0, 0.5]
[0.5, 0.5, 1, 0.5, 1, 0, 0, 0.5]
[0.5, 0.5, 1, 0.5, 1, 0, 0, 0.5]
[0.5, 0.5, 1, 0.5, 1, 0, 0, 0.5]
[0.5, 0.5, 1, 0.5, 1, 0, 0, 0.5]
[0.5, 0.5, 1, 0.5, 1, 0, 0, 0.5]
[0.5, 0.5, 1, 0.5, 1, 0, 0, 0.5]
[0.5, 0.5, 1, 0.5, 1, 0, 0, 0.5]
[0.5, 0.5, 1, 0.5, 1, 0, 0, 0.5]
--- 0.007090568542480469 segundos ---
