8
0.4
0.2
0.0
100
[0.5, 0.5, 0.5, 0.5, 1, 0.5, 0.5, 0.5]
[0.5, 0.5, 0, 0.5, 1, 0, 0.5, 0.5]
[0.5, 0.5, 0, 0.5, 1, 0, 0.5, 0.5]
[0.5, 0.5, 0, 0.5, 1, 0, 0.5, 0.5]
[0.5, 0.5, 0, 0.5, 1, 0, 0.5, 0.5]
[0.5, 0.5, 0, 0.5, 1, 0, 0.5, 0.5]
[0.5, 0.5, 0, 0.5, 1, 0, 0.5, 0.5]
[0.5, 0.5, 0, 0.5, 1, 0, 0.5, 0.5]
[0.5, 0.5, 0, 0.5, 1, 0, 0.5, 0.5]
[0.5, 0.5, 0, 0.5, 1, 0, 0.5, 0.5]
[0.5, 0.5, 0, 0.5, 1, 0, 0.5, 0.5]
[0.5, 0.5, 0, 0.5, 1, 0, 0.5, 0.5]
[0.5, 0.5, 0, 0.5, 1, 0, 0.5, 0.5]
[0.5, 0.5, 0, 0.5, 1, 0, 0.5, 0.5]
[0.5, 0.5, 0, 0.5, 1, 0, 0.5, 0.5]
[0.5, 0.5, 0, 0.5, 1, 0, 0.5, 0.5]
[0.5, 0.5, 0, 0.5, 1, 0, 0.5, 0.5]
[0.5, 0.5, 0, 0.5, 1, 0, 0.5, 0.5]
[0.5, 0.5, 0, 0.5, 1, 0, 0.5, 0.5]
[0.5, 0.5, 0, 0.5, 1, 0, 0.5, 0.5]
[0.5, 0.5, 0, 0.5, 1, 0, 0.5, 0.5]
[0.5, 0.5, 0, 0.5, 1, 0, 0.5, 0.5]
[0.5, 0.5, 0, 0.5, 1, 0, 0.5, 0.5]
[0.5, 0.5, 0, 0.5, 1, 0, 0.5, 0.5]
[0.5, 0.5, 0, 0.5, 1, 0, 0.5, 0.5]
[0.5, 0.5, 0, 0.5, 1, 0, 0.5, 0.5]
[0.5, 0.5, 0, 0.5, 1, 0, 0.5, 0.5]
[0.5, 0.5, 0, 0.5, 1, 0, 0.5, 0.5]
[0.5, 0.5, 0, 0.5, 1, 0, 0.5, 0.5]
[0.5, 0.5, 0, 0.5, 1, 0, 0.5, 0.5]
[0.5, 0.5, 0, 0.5, 1, 0, 0.5, 0.5]
[0.5, 0.5, 0, 0.5, 1, 0, 0.5, 0.5]
[0.5, 0.5, 0, 0.5, 1, 0, 0.5, 0.5]
[0.5, 0.5, 0, 0.5, 1, 0, 0.5, 0.5]
[0.5, 0.5, 0, 0.5, 1, 0, 0.5, 0.5]
[0.5, 0.5, 0, 0.5, 1, 0, 0.5, 0.5]
[0.5, 0.5, 0, 0.5, 1, 0, 0.5, 0.5]
[0.5, 0.5, 0, 0.5, 1, 0, 0.5, 0.5]
[0.5, 0.5, 0, 0.5, 1, 0, 0.5, 0.5]
[0.5, 0.5, 0, 0.5, 1, 0, 0.5, 0.5]
[0.5, 0.5, 0, 0.5, 1, 0, 0.5, 0.5]
[0.5, 0.5, 0, 0.5, 1, 0, 0.5, 0.5]
[0.5, 0.5, 0, 0.5, 1, 0, 0.5, 0.5]
[0.5, 0.5, 0, 0.5, 1, 0, 0.5, 0.5]
[0.5, 0.5, 0, 0.5, 1, 0, 0.5, 0.5]
[0.5, 0.5, 0, 0.5, 1, 0, 0.5, 0.5]
[0.5, 0.5, 0, 0.5, 1, 0, 0.5, 0.5]
[0.5, 0.5, 0, 0.5, 1, 0, 0.5, 0.5]
[0.5, 0.5, 0, 0.5, 1, 0, 0.5, 0.5]
[0.5, 0.5, 0, 0.5, 1, 0, 0.5, 0.5]
[0.5, 0.5, 0, 0.5, 1, 0, 0.5, 0.5]
[0.5, 0.5, 0, 0.5, 1, 0, 0.5, 0.5]
[0.5, 0.5, 0, 0.5, 1, 0, 0.5, 0.5]
[0.5, 0.5, 0, 0.5, 1, 0, 0.5, 0.5]
[0.5, 0.5, 0, 0.5, 1, 0, 0.5, 0.5]
[0.5, 0.5, 0, 0.5, 1, 0, 0.5, 0.5]
[0.5, 0.5, 0, 0.5, 1, 0, 0.5, 0.5]
[0.5, 0.5, 0, 0.5, 1, 0, 0.5, 0.5]
[0.5, 0.5, 0, 0.5, 1, 0, 0.5, 0.5]
[0.5, 0.5, 0, 0.5, 1, 0, 0.5, 0.5]
[0.5, 0.5, 0, 0.5, 1, 0, 0.5, 0.5]
[0.5, 0.5, 0, 0.5, 1, 0, 0.5, 0.5]
[0.5, 0.5, 0, 0.5, 1, 0, 0.5, 0.5]
[0.5, 0.5, 0, 0.5, 1, 0, 0.5, 0.5]
[0.5, 0.5, 0, 0.5, 1, 0, 0.5, 0.5]
[0.5, 0.5, 0, 0.5, 1, 0, 0.5, 0.5]
[0.5, 0.5, 0, 0.5, 1, 0, 0.5, 0.5]
[0.5, 0.5, 0, 0.5, 1, 0, 0.5, 0.5]
[0.5, 0.5, 0, 0.5, 1, 0, 0.5, 0.5]
[0.5, 0.5, 0, 0.5, 1, 0, 0.5, 0.5]
[0.5, 0.5, 0, 0.5, 1, 0, 0.5, 0.5]
[0.5, 0.5, 0, 0.5, 1, 0, 0.5, 0.5]
[0.5, 0.5, 0, 0.5, 1, 0, 0.5, 0.5]
[0.5, 0.5, 0, 0.5, 1, 0, 0.5, 0.5]
[0.5, 0.5, 0, 0.5, 1, 0, 0.5, 0.5]
[0.5, 0.5, 0, 0.5, 1, 0, 0.5, 0.5]
[0.5, 0.5, 0, 0.5, 1, 0, 0.5, 0.5]
[0.5, 0.5, 0, 0.5, 1, 0, 0.5, 0.5]
[0.5, 0.5, 0, 0.5, 1, 0, 0.5, 0.5]
[0.5, 0.5, 0, 0.5, 1, 0, 0.5, 0.5]
[0.5, 0.5, 0, 0.5, 1, 0, 0.5, 0.5]
[0.5, 0.5, 0, 0.5, 1, 0, 0.5, 0.5]
[0.5, 0.5, 0, 0.5, 1, 0, 0.5, 0.5]
[0.5, 0.5, 0, 0.5, 1, 0, 0.5, 0.5]
[0.5, 0.5, 0, 0.5, 1, 0, 0.5, 0.5]
[0.5, 0.5, 0, 0.5, 1, 0, 0.5, 0.5]
[0.5, 0.5, 0, 0.5, 1, 0, 0.5, 0.5]
[0.5, 0.5, 0, 0.5, 1, 0, 0.5, 0.5]
[0.5, 0.5, 0, 0.5, 1, 0, 0.5, 0.5]
[0.5, 0.5, 0, 0.5, 1, 0, 0.5, 0.5]
[0.5, 0.5, 0, 0.5, 1, 0, 0.5, 0.5]
[0.5, 0.5, 0, 0.5, 1, 0, 0.5, 0.5]
[0.5, 0.5, 0, 0.5, 1, 0, 0.5, 0.5]
[0.5, 0.5, 0, 0.5, 1, 0, 0.5, 0.5]
[0.5, 0.5, 0, 0.5, 1, 0, 0.5, 0.5]
[0.5, 0.5, 0, 0.5, 1, 0, 0.5, 0.5]
[0.5, 0.5, 0, 0.5, 1, 0, 0.5, 0.5]
[0.5, 0.5, 0, 0.5, 1, 0, 0.5, 0.5]
[0.5, 0.5, 0, 0.5, 1, 0, 0.5, 0.5]
[0.5, 0.5, 0, 0.5, 1, 0, 0.5, 0.5]
[0.5, 0.5, 0, 0.5, 1, 0, 0.5, 0.5]
--- 0.0062482357025146484 segundos ---
