8
0.5
0.4
0.2
100
[0.5, 0.5, 0.5, 0.5, 1, 0.5, 0.5, 0.5]
[0.5, 0.5, 0.5, 0.5, 1, 0.5, 0.5, 0.5]
[0.5, 0.5, 0.5, 0.5, 1, 0.5, 0.5, 0.5]
[0.5, 0.5, 0.5, 0.5, 1, 0.5, 1, 0.5]
[0.5, 0.5, 1, 0.5, 1, 0.5, 1, 0.5]
[0.5, 0.5, 1, 0.5, 1, 0.5, 1, 0.5]
[0.5, 0.5, 1, 0.5, 1, 0.5, 0, 0.5]
[0.5, 0.5, 1, 0.5, 1, 0.5, 0, 0.5]
[0.5, 0.5, 0, 0.5, 1, 0.5, 0.5, 0.5]
[0.5, 0.5, 0, 0.5, 1, 0.5, 1, 0.5]
[0.5, 0.5, 0, 0.5, 1, 1, 1, 0.5]
[0.5, 0.5, 0, 0.5, 1, 0, 1, 0.5]
[0.5, 0.5, 0, 0.5, 1, 0, 0, 0.5]
[0.5, 0.5, 0, 0.5, 1, 0, 0, 0.5]
[0.5, 0.5, 0.5, 0.5, 1, 0, 0, 0.5]
[0.5, 0.5, 1, 0.5, 1, 0.5, 0, 0.5]
[0.5, 0.5, 1, 0.5, 1, 1, 0, 0.5]
[0.5, 0.5, 0, 0.5, 1, 0, 0, 0.5]
[0.5, 0.5, 0, 0.5, 1, 0, 0, 0.5]
[0.5, 0.5, 0, 0.5, 1, 0.5, 0, 0.5]
[0.5, 0.5, 0, 0.5, 1, 1, 0, 0.5]
[0.5, 0.5, 0, 0.5, 1, 1, 0.5, 0.5]
[0.5, 0.5, 0, 0.5, 1, 0, 1, 0.5]
[0.5, 0.5, 0, 0.5, 1, 0.5, 0, 0.5]
[0.5, 0.5, 0, 0.5, 1, 1, 0, 0.5]
[0.5, 0.5, 0, 0.5, 1, 1, 0, 0.5]
[0.5, 0.5, 0, 0.5, 1, 1, 0, 0.5]
[0.5, 0.5, 0, 0.5, 1, 1, 0, 0.5]
[0.5, 0.5, 0, 0.5, 1, 0, 0, 0.5]
[0.5, 0.5, 0, 0.5, 1, 0, 0, 0.5]
[0.5, 0.5, 0, 0.5, 1, 0, 0, 0.5]
[0.5, 0.5, 0, 0.5, 1, 0, 0, 0.5]
[0.5, 0.5, 0, 0.5, 1, 0, 0, 0.5]
[0.5, 0.5, 0, 0.5, 1, 0, 0, 0.5]
[0.5, 0.5, 0, 0.5, 1, 0, 0, 0.5]
[0.5, 0.5, 0, 0.5, 1, 0, 0, 0.5]
[0.5, 0.5, 0, 0.5, 1, 0, 0, 0.5]
[0.5, 0.5, 0.5, 0.5, 1, 0, 0, 0.5]
[0.5, 0.5, 1, 0.5, 1, 0, 0, 0.5]
[0.5, 0.5, 1, 0.5, 1, 0, 0.5, 0.5]
[0.5, 0.5, 0, 0.5, 1, 0, 0.5, 0.5]
[0.5, 0.5, 0.5, 0.5, 1, 0, 0.5, 0.5]
[0.5, 0.5, 1, 0.5, 1, 0, 1, 0.5]
[0.5, 0.5, 1, 0.5, 1, 0, 0, 0.5]
[0.5, 0.5, 1, 0.5, 1, 0, 0.5, 0.5]
[0.5, 0.5, 1, 0.5, 1, 0, 1, 0.5]
[0.5, 0.5, 1, 0.5, 1, 0, 1, 0.5]
[0.5, 0.5, 1, 0.5, 1, 0.5, 1, 0.5]
[0.5, 0.5, 0, 0.5, 1, 1, 1, 0.5]
[0.5, 0.5, 0, 0.5, 1, 1, 0, 0.5]
[0.5, 0.5, 0.5, 0.5, 1, 0, 0.5, 0.5]
[0.5, 0.5, 1, 0.5, 1, 0, 1, 0.5]
[0.5, 0.5, 0, 0.5, 1, 0, 0, 0.5]
[0.5, 0.5, 0, 0.5, 1, 0, 0, 0.5]
[0.5, 0.5, 0.5, 0.5, 1, 0.5, 0.5, 0.5]
[0.5, 0.5, 1, 0.5, 1, 1, 1, 0.5]
[0.5, 0.5, 0, 0.5, 1, 0, 1, 0.5]
[0.5, 0.5, 0, 0.5, 1, 0, 0, 0.5]
[0.5, 0.5, 0, 0.5, 1, 0.5, 0, 0.5]
[0.5, 0.5, 0, 0.5, 1, 1, 0, 0.5]
[0.5, 0.5, 0, 0.5, 1, 1, 0, 0.5]
[0.5, 0.5, 0, 0.5, 1, 1, 0, 0.5]
[0.5, 0.5, 0.5, 0.5, 1, 1, 0.5, 0.5]
[0.5, 0.5, 0.5, 0.5, 1, 1, 0.5, 0.5]
[0.5, 0.5, 0.5, 0.5, 1, 0, 0.5, 0.5]
[0.5, 0.5, 1, 0.5, 1, 0, 0.5, 0.5]
[0.5, 0.5, 1, 0.5, 1, 0, 0.5, 0.5]
[0.5, 0.5, 1, 0.5, 1, 0, 1, 0.5]
[0.5, 0.5, 1, 0.5, 1, 0.5, 1, 0.5]
[0.5, 0.5, 1, 0.5, 1, 0.5, 1, 0.5]
[0.5, 0.5, 0, 0.5, 1, 0.5, 1, 0.5]
[0.5, 0.5, 0, 0.5, 1, 1, 1, 0.5]
[0.5, 0.5, 0.5, 0.5, 1, 0, 0, 0.5]
[0.5, 0.5, 1, 0.5, 1, 0, 0, 0.5]
[0.5, 0.5, 0, 0.5, 1, 0, 0, 0.5]
[0.5, 0.5, 0, 0.5, 1, 0, 0, 0.5]
[0.5, 0.5, 0, 0.5, 1, 0.5, 0, 0.5]
[0.5, 0.5, 0.5, 0.5, 1, 0.5, 0, 0.5]
[0.5, 0.5, 0.5, 0.5, 1, 0.5, 0, 0.5]
[0.5, 0.5, 0.5, 0.5, 1, 0.5, 0, 0.5]
[0.5, 0.5, 1, 0.5, 1, 0.5, 0, 0.5]
[0.5, 0.5, 0, 0.5, 1, 0.5, 0, 0.5]
[0.5, 0.5, 0, 0.5, 1, 0.5, 0, 0.5]
[0.5, 0.5, 0, 0.5, 1, 0.5, 0, 0.5]
[0.5, 0.5, 0, 0.5, 1, 0.5, 0, 0.5]
[0.5, 0.5, 0, 0.5, 1, 1, 0, 0.5]
[0.5, 0.5, 0, 0.5, 1, 1, 0.5, 0.5]
[0.5, 0.5, 0, 0.5, 1, 1, 0.5, 0.5]
[0.5, 0.5, 0, 0.5, 1, 0, 1, 0.5]
[0.5, 0.5, 0, 0.5, 1, 0, 1, 0.5]
[0.5, 0.5, 0.5, 0.5, 1, 0, 0, 0.5]
[0.5, 0.5, 0.5, 0.5, 1, 0, 0, 0.5]
[0.5, 0.5, 1, 0.5, 1, 0.5, 0, 0.5]
[0.5, 0.5, 1, 0.5, 1, 0.5, 0, 0.5]
[0.5, 0.5, 1, 0.5, 1, 0.5, 0, 0.5]
[0.5, 0.5, 1, 0.5, 1, 0.5, 0, 0.5]
[0.5, 0.5, 1, 0.5, 1, 0.5, 0, 0.5]
[0.5, 0.5, 1, 0.5, 1, 1, 0, 0.5]
[0.5, 0.5, 1, 0.5, 1, 1, 0, 0.5]
[0.5, 0.5, 0, 0.5, 1, 1, 0, 0.5]
[0.5, 0.5, 0.5, 0.5, 1, 0, 0, 0.5]
--- 0.0060863494873046875 segundos ---
