8
0.5
0.1
0.4
100
[0.5, 0.5, 0.5, 0.5, 1, 0.5, 0.5, 0.5]
[0.5, 0.5, 0.5, 0.5, 1, 0.5, 0.5, 0.5]
[0.5, 0.5, 0.5, 0.5, 1, 0.5, 0.5, 0.5]
[0.5, 0.5, 0.5, 0.5, 1, 0.5, 0, 0.5]
[0.5, 0.5, 0.5, 0.5, 1, 0.5, 0, 0.5]
[0.5, 0.5, 0.5, 0.5, 1, 0.5, 0, 0.5]
[0.5, 0.5, 0.5, 0.5, 1, 0, 0, 0.5]
[0.5, 0.5, 0.5, 0.5, 1, 0.5, 0, 0.5]
[0.5, 0.5, 0.5, 0.5, 1, 0.5, 0, 0.5]
[0.5, 0.5, 0.5, 0.5, 1, 1, 0.5, 0.5]
[0.5, 0.5, 0.5, 0.5, 1, 1, 1, 0.5]
[0.5, 0.5, 0.5, 0.5, 1, 1, 0, 0.5]
[0.5, 0.5, 0.5, 0.5, 1, 1, 0.5, 0.5]
[0.5, 0.5, 0.5, 0.5, 1, 1, 0.5, 0.5]
[0.5, 0.5, 0.5, 0.5, 1, 1, 1, 0.5]
[0.5, 0.5, 0.5, 0.5, 1, 1, 1, 0.5]
[0.5, 0.5, 0.5, 0.5, 1, 1, 1, 0.5]
[0.5, 0.5, 0, 0.5, 1, 1, 1, 0.5]
[0.5, 0.5, 0, 0.5, 1, 1, 1, 0.5]
[0.5, 0.5, 0, 0.5, 1, 1, 1, 0.5]
[0.5, 0.5, 0, 0.5, 1, 1, 1, 0.5]
[0.5, 0.5, 0.5, 0.5, 1, 1, 0, 0.5]
[0.5, 0.5, 0.5, 0.5, 1, 1, 0, 0.5]
[0.5, 0.5, 0.5, 0.5, 1, 1, 0, 0.5]
[0.5, 0.5, 1, 0.5, 1, 1, 0.5, 0.5]
[0.5, 0.5, 1, 0.5, 1, 1, 0.5, 0.5]
[0.5, 0.5, 1, 0.5, 1, 1, 0.5, 0.5]
[0.5, 0.5, 1, 0.5, 1, 1, 1, 0.5]
[0.5, 0.5, 0, 0.5, 1, 1, 1, 0.5]
[0.5, 0.5, 0, 0.5, 1, 1, 1, 0.5]
[0.5, 0.5, 0.5, 0.5, 1, 1, 1, 0.5]
[0.5, 0.5, 1, 0.5, 1, 1, 1, 0.5]
[0.5, 0.5, 1, 0.5, 1, 1, 1, 0.5]
[0.5, 0.5, 0, 0.5, 1, 1, 1, 0.5]
[0.5, 0.5, 0, 0.5, 1, 0, 1, 0.5]
[0.5, 0.5, 0, 0.5, 1, 0, 1, 0.5]
[0.5, 0.5, 0, 0.5, 1, 0.5, 1, 0.5]
[0.5, 0.5, 0, 0.5, 1, 0.5, 0, 0.5]
[0.5, 0.5, 0.5, 0.5, 1, 1, 0, 0.5]
[0.5, 0.5, 1, 0.5, 1, 1, 0, 0.5]
[0.5, 0.5, 1, 0.5, 1, 1, 0, 0.5]
[0.5, 0.5, 1, 0.5, 1, 1, 0, 0.5]
[0.5, 0.5, 1, 0.5, 1, 1, 0.5, 0.5]
[0.5, 0.5, 1, 0.5, 1, 1, 0.5, 0.5]
[0.5, 0.5, 1, 0.5, 1, 1, 1, 0.5]
[0.5, 0.5, 0, 0.5, 1, 1, 1, 0.5]
[0.5, 0.5, 0.5, 0.5, 1, 1, 1, 0.5]
[0.5, 0.5, 1, 0.5, 1, 1, 1, 0.5]
[0.5, 0.5, 1, 0.5, 1, 1, 1, 0.5]
[0.5, 0.5, 1, 0.5, 1, 1, 1, 0.5]
[0.5, 0.5, 1, 0.5, 1, 1, 1, 0.5]
[0.5, 0.5, 1, 0.5, 1, 0, 1, 0.5]
[0.5, 0.5, 1, 0.5, 1, 0, 1, 0.5]
[0.5, 0.5, 1, 0.5, 1, 0.5, 0, 0.5]
[0.5, 0.5, 1, 0.5, 1, 1, 0.5, 0.5]
[0.5, 0.5, 0, 0.5, 1, 1, 0.5, 0.5]
[0.5, 0.5, 0, 0.5, 1, 1, 1, 0.5]
[0.5, 0.5, 0, 0.5, 1, 1, 1, 0.5]
[0.5, 0.5, 0, 0.5, 1, 1, 1, 0.5]
[0.5, 0.5, 0.5, 0.5, 1, 1, 1, 0.5]
[0.5, 0.5, 0.5, 0.5, 1, 1, 1, 0.5]
[0.5, 0.5, 0.5, 0.5, 1, 1, 1, 0.5]
[0.5, 0.5, 0.5, 0.5, 1, 0, 1, 0.5]
[0.5, 0.5, 0.5, 0.5, 1, 0.5, 1, 0.5]
[0.5, 0.5, 0.5, 0.5, 1, 0.5, 1, 0.5]
[0.5, 0.5, 0.5, 0.5, 1, 1, 1, 0.5]
[0.5, 0.5, 1, 0.5, 1, 1, 1, 0.5]
[0.5, 0.5, 1, 0.5, 1, 1, 1, 0.5]
[0.5, 0.5, 1, 0.5, 1, 1, 1, 0.5]
[0.5, 0.5, 1, 0.5, 1, 1, 1, 0.5]
[0.5, 0.5, 1, 0.5, 1, 1, 1, 0.5]
[0.5, 0.5, 1, 0.5, 1, 0, 1, 0.5]
[0.5, 0.5, 1, 0.5, 1, 0.5, 1, 0.5]
[0.5, 0.5, 1, 0.5, 1, 0.5, 1, 0.5]
[0.5, 0.5, 1, 0.5, 1, 1, 1, 0.5]
[0.5, 0.5, 1, 0.5, 1, 1, 1, 0.5]
[0.5, 0.5, 1, 0.5, 1, 1, 0, 0.5]
[0.5, 0.5, 1, 0.5, 1, 1, 0, 0.5]
[0.5, 0.5, 1, 0.5, 1, 1, 0, 0.5]
[0.5, 0.5, 1, 0.5, 1, 1, 0, 0.5]
[0.5, 0.5, 1, 0.5, 1, 1, 0, 0.5]
[0.5, 0.5, 1, 0.5, 1, 0, 0.5, 0.5]
[0.5, 0.5, 1, 0.5, 1, 0.5, 0.5, 0.5]
[0.5, 0.5, 1, 0.5, 1, 1, 1, 0.5]
[0.5, 0.5, 1, 0.5, 1, 1, 1, 0.5]
[0.5, 0.5, 1, 0.5, 1, 0, 1, 0.5]
[0.5, 0.5, 1, 0.5, 1, 0.5, 1, 0.5]
[0.5, 0.5, 0, 0.5, 1, 0.5, 1, 0.5]
[0.5, 0.5, 0.5, 0.5, 1, 0.5, 0, 0.5]
[0.5, 0.5, 1, 0.5, 1, 0.5, 0, 0.5]
[0.5, 0.5, 1, 0.5, 1, 0.5, 0.5, 0.5]
[0.5, 0.5, 1, 0.5, 1, 1, 0.5, 0.5]
[0.5, 0.5, 1, 0.5, 1, 1, 0.5, 0.5]
[0.5, 0.5, 1, 0.5, 1, 1, 1, 0.5]
[0.5, 0.5, 0, 0.5, 1, 1, 1, 0.5]
[0.5, 0.5, 0, 0.5, 1, 1, 1, 0.5]
[0.5, 0.5, 0.5, 0.5, 1, 1, 1, 0.5]
[0.5, 0.5, 0.5, 0.5, 1, 1, 1, 0.5]
[0.5, 0.5, 1, 0.5, 1, 1, 0, 0.5]
[0.5, 0.5, 0, 0.5, 1, 1, 0.5, 0.5]
[0.5, 0.5, 0, 0.5, 1, 1, 0.5, 0.5]
--- 0.008000612258911133 segundos ---
