7
0.30000000000000004
0.30000000000000004
0.30000000000000004
100
[0.5, 0.5, 1, 0.5, 0.5, 0.5, 0.5]
[1, 0.5, 1, 0, 0.5, 0.5, 0.5]
[1, 0.5, 1, 0.5, 0, 0.5, 0.5]
[1, 0.5, 1, 0.5, 0.5, 0.5, 0.5]
[0, 0.5, 1, 1, 0.5, 0.5, 0.5]
[0, 0.5, 1, 1, 0.5, 0.5, 0.5]
[0.5, 0.5, 1, 0, 0.5, 0.5, 0.5]
[0.5, 0.5, 1, 0, 0.5, 0.5, 0.5]
[0.5, 0.5, 1, 0.5, 1, 0.5, 0.5]
[0.5, 0.5, 1, 1, 1, 0.5, 0.5]
[0.5, 0, 1, 1, 1, 0.5, 0.5]
[1, 0, 1, 0, 1, 0.5, 0.5]
[1, 0.5, 1, 0.5, 1, 0.5, 0.5]
[0, 0.5, 1, 1, 1, 0.5, 0.5]
[0, 0.5, 1, 1, 1, 0.5, 0.5]
[0, 1, 1, 0, 1, 0.5, 0.5]
[0.5, 1, 1, 0, 0, 0.5, 0.5]
[0.5, 1, 1, 0, 0, 0.5, 0.5]
[0.5, 1, 1, 0, 0.5, 0.5, 0.5]
[1, 0, 1, 0, 1, 0.5, 0.5]
[0, 0, 1, 0, 0, 0.5, 0.5]
[0, 0, 1, 0, 0, 0.5, 0.5]
[0.5, 0.5, 1, 0, 0, 0.5, 0.5]
[1, 0.5, 1, 0, 0, 0.5, 0.5]
[1, 0.5, 1, 0, 0, 0.5, 0.5]
[1, 0.5, 1, 0, 0.5, 0.5, 0.5]
[1, 0.5, 1, 0, 0.5, 0.5, 0.5]
[0, 1, 1, 0, 0.5, 0.5, 0.5]
[0.5, 1, 1, 0, 0.5, 0.5, 0.5]
[0.5, 1, 1, 0, 1, 0.5, 0.5]
[0.5, 0, 1, 0, 1, 0.5, 0.5]
[1, 0, 1, 0, 1, 0.5, 0.5]
[1, 0, 1, 0, 0, 0.5, 0.5]
[1, 0.5, 1, 0, 0, 0.5, 0.5]
[1, 1, 1, 0, 0, 0.5, 0.5]
[1, 1, 1, 0, 0.5, 0.5, 0.5]
[1, 0, 1, 0.5, 0.5, 0.5, 0.5]
[0, 0, 1, 1, 0.5, 0.5, 0.5]
[0, 0, 1, 1, 0.5, 0.5, 0.5]
[0, 0, 1, 1, 0.5, 0.5, 0.5]
[0, 0, 1, 1, 0.5, 0.5, 0.5]
[0, 0, 1, 0, 0.5, 0.5, 0.5]
[0.5, 0.5, 1, 0, 0.5, 0.5, 0.5]
[0.5, 0.5, 1, 0.5, 0.5, 0.5, 0.5]
[0.5, 0.5, 1, 1, 0.5, 0.5, 0.5]
[0.5, 0.5, 1, 1, 0.5, 0.5, 0.5]
[0.5, 0.5, 1, 1, 0.5, 0.5, 0.5]
[0.5, 0.5, 1, 0, 0.5, 0.5, 0.5]
[0.5, 0.5, 1, 0.5, 1, 0.5, 0.5]
[1, 0.5, 1, 0.5, 1, 0.5, 0.5]
[1, 0.5, 1, 0.5, 1, 0.5, 0.5]
[1, 1, 1, 0.5, 1, 0.5, 0.5]
[1, 1, 1, 1, 1, 0.5, 0.5]
[1, 1, 1, 1, 1, 0.5, 0.5]
[1, 0, 1, 1, 1, 0.5, 0.5]
[1, 0.5, 1, 1, 0, 0.5, 0.5]
[1, 0.5, 1, 0, 0.5, 0.5, 0.5]
[0, 0.5, 1, 0, 0.5, 0.5, 0.5]
[0, 1, 1, 0, 0.5, 0.5, 0.5]
[0.5, 1, 1, 0, 0.5, 0.5, 0.5]
[0.5, 0, 1, 0, 0.5, 0.5, 0.5]
[0.5, 0, 1, 0.5, 0.5, 0.5, 0.5]
[0.5, 0, 1, 0.5, 1, 0.5, 0.5]
[0.5, 0, 1, 1, 1, 0.5, 0.5]
[0.5, 0, 1, 1, 1, 0.5, 0.5]
[0.5, 0, 1, 1, 1, 0.5, 0.5]
[1, 0.5, 1, 0, 1, 0.5, 0.5]
[1, 0.5, 1, 0, 0, 0.5, 0.5]
[1, 0.5, 1, 0, 0, 0.5, 0.5]
[1, 0.5, 1, 0.5, 0, 0.5, 0.5]
[0, 0.5, 1, 1, 0, 0.5, 0.5]
[0.5, 0.5, 1, 0, 0, 0.5, 0.5]
[1, 0.5, 1, 0, 0.5, 0.5, 0.5]
[1, 0.5, 1, 0.5, 1, 0.5, 0.5]
[1, 0.5, 1, 0.5, 0, 0.5, 0.5]
[1, 0.5, 1, 0.5, 0, 0.5, 0.5]
[1, 0.5, 1, 0.5, 0, 0.5, 0.5]
[0, 1, 1, 0.5, 0.5, 0.5, 0.5]
[0, 0, 1, 0.5, 1, 0.5, 0.5]
[0, 0.5, 1, 0.5, 1, 0.5, 0.5]
[0, 0.5, 1, 0.5, 1, 0.5, 0.5]
[0.5, 0.5, 1, 1, 0, 0.5, 0.5]
[0.5, 1, 1, 1, 0, 0.5, 0.5]
[0.5, 1, 1, 1, 0, 0.5, 0.5]
[0.5, 0, 1, 1, 0, 0.5, 0.5]
[1, 0.5, 1, 1, 0, 0.5, 0.5]
[1, 1, 1, 0, 0, 0.5, 0.5]
[0, 1, 1, 0, 0, 0.5, 0.5]
[0.5, 1, 1, 0, 0.5, 0.5, 0.5]
[0.5, 0, 1, 0.5, 0.5, 0.5, 0.5]
[0.5, 0, 1, 0.5, 0.5, 0.5, 0.5]
[0.5, 0, 1, 0.5, 0.5, 0.5, 0.5]
[0.5, 0, 1, 0.5, 0.5, 0.5, 0.5]
[0.5, 0, 1, 1, 0.5, 0.5, 0.5]
[0.5, 0, 1, 0, 0.5, 0.5, 0.5]
[0.5, 0.5, 1, 0, 0.5, 0.5, 0.5]
[0.5, 0.5, 1, 0, 0.5, 0.5, 0.5]
[0.5, 0.5, 1, 0, 1, 0.5, 0.5]
[0.5, 0.5, 1, 0.5, 1, 0.5, 0.5]
[1, 0.5, 1, 0.5, 1, 0.5, 0.5]
[1, 0.5, 1, 1, 1, 0.5, 0.5]
--- 0.006000041961669922 segundos ---
