7
0.30000000000000004
0.2
0.0
100
[0.5, 0.5, 1, 0.5, 0.5, 0.5, 0.5]
[0.5, 0.5, 1, 0, 0.5, 0.5, 0.5]
[0.5, 0.5, 1, 0, 0.5, 0.5, 0.5]
[0.5, 0.5, 1, 0, 0, 0.5, 0.5]
[0.5, 0.5, 1, 0, 0, 0.5, 0.5]
[0, 0.5, 1, 0, 0, 0.5, 0.5]
[0, 0.5, 1, 0, 0, 0.5, 0.5]
[0, 0.5, 1, 0, 0, 0.5, 0.5]
[0, 0.5, 1, 0, 0, 0.5, 0.5]
[0, 0.5, 1, 0, 0, 0.5, 0.5]
[0, 0.5, 1, 0, 0, 0.5, 0.5]
[0, 0.5, 1, 0, 0, 0.5, 0.5]
[0, 0.5, 1, 0, 0, 0.5, 0.5]
[0, 0.5, 1, 0, 0, 0.5, 0.5]
[0, 0.5, 1, 0, 0, 0.5, 0.5]
[0, 0.5, 1, 0, 0, 0.5, 0.5]
[0, 0.5, 1, 0, 0, 0.5, 0.5]
[0, 0.5, 1, 0, 0, 0.5, 0.5]
[0, 0.5, 1, 0, 0, 0.5, 0.5]
[0, 0.5, 1, 0, 0, 0.5, 0.5]
[0, 0.5, 1, 0, 0, 0.5, 0.5]
[0, 0.5, 1, 0, 0, 0.5, 0.5]
[0, 0.5, 1, 0, 0, 0.5, 0.5]
[0, 0.5, 1, 0, 0, 0.5, 0.5]
[0, 0.5, 1, 0, 0, 0.5, 0.5]
[0, 0.5, 1, 0, 0, 0.5, 0.5]
[0, 0.5, 1, 0, 0, 0.5, 0.5]
[0, 0.5, 1, 0, 0, 0.5, 0.5]
[0, 0.5, 1, 0, 0, 0.5, 0.5]
[0, 0.5, 1, 0, 0, 0.5, 0.5]
[0, 0.5, 1, 0, 0, 0.5, 0.5]
[0, 0.5, 1, 0, 0, 0.5, 0.5]
[0, 0.5, 1, 0, 0, 0.5, 0.5]
[0, 0.5, 1, 0, 0, 0.5, 0.5]
[0, 0.5, 1, 0, 0, 0.5, 0.5]
[0, 0.5, 1, 0, 0, 0.5, 0.5]
[0, 0.5, 1, 0, 0, 0.5, 0.5]
[0, 0.5, 1, 0, 0, 0.5, 0.5]
[0, 0.5, 1, 0, 0, 0.5, 0.5]
[0, 0.5, 1, 0, 0, 0.5, 0.5]
[0, 0.5, 1, 0, 0, 0.5, 0.5]
[0, 0.5, 1, 0, 0, 0.5, 0.5]
[0, 0.5, 1, 0, 0, 0.5, 0.5]
[0, 0.5, 1, 0, 0, 0.5, 0.5]
[0, 0.5, 1, 0, 0, 0.5, 0.5]
[0, 0.5, 1, 0, 0, 0.5, 0.5]
[0, 0.5, 1, 0, 0, 0.5, 0.5]
[0, 0.5, 1, 0, 0, 0.5, 0.5]
[0, 0.5, 1, 0, 0, 0.5, 0.5]
[0, 0.5, 1, 0, 0, 0.5, 0.5]
[0, 0.5, 1, 0, 0, 0.5, 0.5]
[0, 0.5, 1, 0, 0, 0.5, 0.5]
[0, 0.5, 1, 0, 0, 0.5, 0.5]
[0, 0.5, 1, 0, 0, 0.5, 0.5]
[0, 0.5, 1, 0, 0, 0.5, 0.5]
[0, 0.5, 1, 0, 0, 0.5, 0.5]
[0, 0.5, 1, 0, 0, 0.5, 0.5]
[0, 0.5, 1, 0, 0, 0.5, 0.5]
[0, 0.5, 1, 0, 0, 0.5, 0.5]
[0, 0.5, 1, 0, 0, 0.5, 0.5]
[0, 0.5, 1, 0, 0, 0.5, 0.5]
[0, 0.5, 1, 0, 0, 0.5, 0.5]
[0, 0.5, 1, 0, 0, 0.5, 0.5]
[0, 0.5, 1, 0, 0, 0.5, 0.5]
[0, 0.5, 1, 0, 0, 0.5, 0.5]
[0, 0.5, 1, 0, 0, 0.5, 0.5]
[0, 0.5, 1, 0, 0, 0.5, 0.5]
[0, 0.5, 1, 0, 0, 0.5, 0.5]
[0, 0.5, 1, 0, 0, 0.5, 0.5]
[0, 0.5, 1, 0, 0, 0.5, 0.5]
[0, 0.5, 1, 0, 0, 0.5, 0.5]
[0, 0.5, 1, 0, 0, 0.5, 0.5]
[0, 0.5, 1, 0, 0, 0.5, 0.5]
[0, 0.5, 1, 0, 0, 0.5, 0.5]
[0, 0.5, 1, 0, 0, 0.5, 0.5]
[0, 0.5, 1, 0, 0, 0.5, 0.5]
[0, 0.5, 1, 0, 0, 0.5, 0.5]
[0, 0.5, 1, 0, 0, 0.5, 0.5]
[0, 0.5, 1, 0, 0, 0.5, 0.5]
[0, 0.5, 1, 0, 0, 0.5, 0.5]
[0, 0.5, 1, 0, 0, 0.5, 0.5]
[0, 0.5, 1, 0, 0, 0.5, 0.5]
[0, 0.5, 1, 0, 0, 0.5, 0.5]
[0, 0.5, 1, 0, 0, 0.5, 0.5]
[0, 0.5, 1, 0, 0, 0.5, 0.5]
[0, 0.5, 1, 0, 0, 0.5, 0.5]
[0, 0.5, 1, 0, 0, 0.5, 0.5]
[0, 0.5, 1, 0, 0, 0.5, 0.5]
[0, 0.5, 1, 0, 0, 0.5, 0.5]
[0, 0.5, 1, 0, 0, 0.5, 0.5]
[0, 0.5, 1, 0, 0, 0.5, 0.5]
[0, 0.5, 1, 0, 0, 0.5, 0.5]
[0, 0.5, 1, 0, 0, 0.5, 0.5]
[0, 0.5, 1, 0, 0, 0.5, 0.5]
[0, 0.5, 1, 0, 0, 0.5, 0.5]
[0, 0.5, 1, 0, 0, 0.5, 0.5]
[0, 0.5, 1, 0, 0, 0.5, 0.5]
[0, 0.5, 1, 0, 0, 0.5, 0.5]
[0, 0.5, 1, 0, 0, 0.5, 0.5]
[0, 0.5, 1, 0, 0, 0.5, 0.5]
[0, 0.5, 1, 0, 0, 0.5, 0.5]
--- 0.0060002803802490234 segundos ---
