0.0
0.0
0.0
20
[0.5, 0.5, 1, 0.5, 0.5]
[0.5, 0.5, 1, 0.5, 0.5]
[0.5, 0.5, 1, 0.5, 0.5]
[0.5, 0.5, 1, 0.5, 0.5]
[0.5, 0.5, 1, 0.5, 0.5]
[0.5, 0.5, 1, 0.5, 0.5]
[0.5, 0.5, 1, 0.5, 0.5]
[0.5, 0.5, 1, 0.5, 0.5]
[0.5, 0.5, 1, 0.5, 0.5]
[0.5, 0.5, 1, 0.5, 0.5]
[0.5, 0.5, 1, 0.5, 0.5]
[0.5, 0.5, 1, 0.5, 0.5]
[0.5, 0.5, 1, 0.5, 0.5]
[0.5, 0.5, 1, 0.5, 0.5]
[0.5, 0.5, 1, 0.5, 0.5]
[0.5, 0.5, 1, 0.5, 0.5]
[0.5, 0.5, 1, 0.5, 0.5]
[0.5, 0.5, 1, 0.5, 0.5]
[0.5, 0.5, 1, 0.5, 0.5]
[0.5, 0.5, 1, 0.5, 0.5]
[0.5, 0.5, 1, 0.5, 0.5]
--- 5.175621271133423 seconds ---0.0
0.0
0.2
20
[0.5, 0.5, 1, 0.5, 0.5]
[0.5, 0.5, 1, 0.5, 0.5]
[0.5, 0.5, 1, 0.5, 0.5]
[0.5, 0.5, 1, 0.5, 0.5]
[0.5, 0.5, 1, 0.5, 0.5]
[0.5, 0.5, 1, 0.5, 0.5]
[0.5, 0.5, 1, 0.5, 0.5]
[0.5, 0.5, 1, 0.5, 0.5]
[0.5, 0.5, 1, 0.5, 0.5]
[0.5, 0.5, 1, 0.5, 0.5]
[0.5, 0.5, 1, 0.5, 0.5]
[0.5, 0.5, 1, 0.5, 0.5]
[0.5, 0.5, 1, 0.5, 0.5]
[0.5, 0.5, 1, 0.5, 0.5]
[0.5, 0.5, 1, 0.5, 0.5]
[0.5, 0.5, 1, 0.5, 0.5]
[0.5, 0.5, 1, 0.5, 0.5]
[0.5, 0.5, 1, 0.5, 0.5]
[0.5, 0.5, 1, 0.5, 0.5]
[0.5, 0.5, 1, 0.5, 0.5]
[0.5, 0.5, 1, 0.5, 0.5]
--- 5.162090063095093 seconds ---0.0
0.2
0.0
20
[0.5, 0.5, 1, 0.5, 0.5]
[0.5, 0.5, 1, 0.5, 0.5]
[0.5, 0.5, 0, 0.5, 0.5]
[0.5, 0.5, 0, 0.5, 0.5]
[0.5, 0.5, 0, 0.5, 0.5]
[0.5, 0.5, 0, 0.5, 0.5]
[0.5, 0.5, 0, 0.5, 0.5]
[0.5, 0.5, 0, 0.5, 0.5]
[0.5, 0.5, 0, 0.5, 0.5]
[0.5, 0.5, 0, 0.5, 0.5]
[0.5, 0.5, 0, 0.5, 0.5]
[0.5, 0.5, 0, 0.5, 0.5]
[0.5, 0.5, 0, 0.5, 0.5]
[0.5, 0.5, 0, 0.5, 0.5]
[0.5, 0.5, 0, 0.5, 0.5]
[0.5, 0.5, 0, 0.5, 0.5]
[0.5, 0.5, 0, 0.5, 0.5]
[0.5, 0.5, 0, 0.5, 0.5]
[0.5, 0.5, 0, 0.5, 0.5]
[0.5, 0.5, 0, 0.5, 0.5]
[0.5, 0.5, 0, 0.5, 0.5]
--- 5.14061164855957 seconds ---0.0
0.2
0.2
20
[0.5, 0.5, 1, 0.5, 0.5]
[0.5, 0.5, 0.5, 0.5, 0.5]
[0.5, 0.5, 0.5, 0.5, 0.5]
[0.5, 0.5, 0.5, 0.5, 0.5]
[0.5, 0.5, 0.5, 0.5, 0.5]
[0.5, 0.5, 0.5, 0.5, 0.5]
[0.5, 0.5, 0.5, 0.5, 0.5]
[0.5, 0.5, 0.5, 0.5, 0.5]
[0.5, 0.5, 0.5, 0.5, 0.5]
[0.5, 0.5, 0.5, 0.5, 0.5]
[0.5, 0.5, 0.5, 0.5, 0.5]
[0.5, 0.5, 0.5, 0.5, 0.5]
[0.5, 0.5, 0.5, 0.5, 0.5]
[0.5, 0.5, 0.5, 0.5, 0.5]
[0.5, 0.5, 0.5, 0.5, 0.5]
[0.5, 0.5, 0.5, 0.5, 0.5]
[0.5, 0.5, 0.5, 0.5, 0.5]
[0.5, 0.5, 0.5, 0.5, 0.5]
[0.5, 0.5, 0.5, 0.5, 0.5]
[0.5, 0.5, 0.5, 0.5, 0.5]
[0.5, 0.5, 0.5, 0.5, 0.5]
--- 5.138981819152832 seconds ---0.2
0.0
0.0
20
[0.5, 0.5, 1, 0.5, 0.5]
[0.5, 1, 1, 1, 0.5]
[0.5, 1, 1, 1, 1]
[0.5, 1, 1, 1, 1]
[0.5, 1, 1, 1, 1]
[0.5, 1, 1, 1, 1]
[0.5, 1, 1, 1, 1]
[0.5, 1, 1, 1, 1]
[0.5, 1, 1, 1, 1]
[0.5, 1, 1, 1, 1]
[0.5, 1, 1, 1, 1]
[0.5, 1, 1, 1, 1]
[1, 1, 1, 1, 1]
[1, 1, 1, 1, 1]
[1, 1, 1, 1, 1]
[1, 1, 1, 1, 1]
[1, 1, 1, 1, 1]
[1, 1, 1, 1, 1]
[1, 1, 1, 1, 1]
[1, 1, 1, 1, 1]
[1, 1, 1, 1, 1]
--- 5.127191543579102 seconds ---0.2
0.0
0.2
20
[0.5, 0.5, 1, 0.5, 0.5]
[0.5, 0.5, 1, 0.5, 0.5]
[0.5, 0.5, 1, 0.5, 0.5]
[0.5, 0.5, 1, 0.5, 0.5]
[0.5, 0.5, 1, 0.5, 0.5]
[0.5, 0.5, 1, 0.5, 0.5]
[0.5, 0.5, 1, 0.5, 0.5]
[0.5, 0.5, 1, 0.5, 0.5]
[0.5, 0.5, 1, 0.5, 0.5]
[0.5, 0.5, 1, 0.5, 0.5]
[0.5, 0.5, 1, 0.5, 0.5]
[0.5, 0.5, 1, 0.5, 0.5]
[0.5, 0.5, 1, 0.5, 0.5]
[0.5, 0.5, 1, 0.5, 0.5]
[0.5, 0.5, 1, 0.5, 0.5]
[0.5, 0.5, 1, 0.5, 0.5]
[0.5, 0.5, 1, 0.5, 0.5]
[0.5, 0.5, 1, 0.5, 0.5]
[0.5, 0.5, 1, 0.5, 0.5]
[0.5, 0.5, 1, 0.5, 0.5]
[0.5, 0.5, 1, 0.5, 0.5]
--- 5.128643989562988 seconds ---0.2
0.2
0.0
20
[0.5, 0.5, 1, 0.5, 0.5]
[0.5, 0, 1, 0.5, 0.5]
[0.5, 0, 1, 0.5, 0.5]
[0.5, 0, 1, 0.5, 0]
[0, 0, 1, 0.5, 0]
[0, 0, 1, 0, 0]
[0, 0, 1, 0, 0]
[0, 0, 1, 0, 0]
[0, 0, 1, 0, 0]
[0, 0, 1, 0, 0]
[0, 0, 1, 0, 0]
[0, 0, 1, 0, 0]
[0, 0, 1, 0, 0]
[0, 0, 1, 0, 0]
[0, 0, 1, 0, 0]
[0, 0, 1, 0, 0]
[0, 0, 1, 0, 0]
[0, 0, 1, 0, 0]
[0, 0, 1, 0, 0]
[0, 0, 1, 0, 0]
[0, 0, 1, 0, 0]
--- 5.150355577468872 seconds ---0.2
0.2
0.2
20
[0.5, 0.5, 1, 0.5, 0.5]
[0.5, 0.5, 1, 0.5, 0.5]
[0.5, 0.5, 1, 0.5, 0.5]
[0.5, 0.5, 1, 0.5, 0.5]
[0.5, 0.5, 1, 0.5, 0.5]
[0.5, 0.5, 1, 0.5, 0.5]
[0.5, 1, 1, 0.5, 0.5]
[0.5, 1, 1, 0.5, 0.5]
[0.5, 1, 1, 0.5, 0.5]
[0.5, 1, 1, 0.5, 0.5]
[0.5, 1, 1, 0.5, 0.5]
[0.5, 1, 1, 0.5, 0.5]
[0.5, 1, 1, 1, 0.5]
[0.5, 1, 1, 0, 0.5]
[0.5, 1, 1, 0, 0.5]
[0.5, 1, 1, 0, 0.5]
[0.5, 1, 1, 0, 0.5]
[0.5, 1, 1, 0, 0.5]
[1, 0, 1, 0, 0.5]
[0, 0, 1, 0, 0.5]
[0, 0, 1, 0, 0.5]
--- 5.168088436126709 seconds ------ 41.20080828666687 seconds ---