20
40
0.5
0.1
0.18
50
[0.5, 0.5, 0.5, 0.5, 0.5, 0.5, 0.5, 0.5, 0.5, 0.5, 0.5, 0.5, 0.5, 0.5, 0.5, 0.5, 0.5, 0.5, 0.5, 1]
[0.5, 0.5, 0.5, 0.5, 0.5, 0.5, 0.5, 0.5, 0.5, 0.5, 1, 1, 0.5, 1, 0.5, 0.5, 0.5, 0.5, 0.5, 1]
[0.5, 0.5, 0.5, 0.5, 0.5, 0.5, 0.5, 1, 0.5, 0.5, 1, 1, 1, 1, 1, 1, 1, 0.5, 0.5, 1]
[1, 1, 1, 0.5, 0.5, 0.5, 0.5, 1, 1, 0.5, 1, 1, 1, 1, 1, 1, 1, 1, 1, 1]
[1, 1, 1, 1, 1, 1, 1, 1, 1, 1, 1, 1, 1, 1, 1, 1, 1, 1, 1, 1]
[0, 0, 1, 0, 1, 1, 1, 1, 1, 1, 1, 1, 1, 1, 1, 1, 1, 1, 1, 1]
[0.5, 0, 1, 0.5, 1, 1, 1, 1, 0, 1, 1, 1, 1, 1, 1, 1, 0, 1, 0, 1]
[1, 0, 1, 1, 1, 1, 1, 1, 0.5, 1, 1, 1, 1, 1, 1, 1, 0.5, 1, 0, 1]
[1, 0, 1, 1, 0, 1, 1, 1, 1, 1, 1, 1, 0, 1, 1, 1, 1, 1, 0, 0]
[1, 0, 1, 1, 0, 1, 1, 1, 1, 1, 1, 1, 0, 1, 1, 1, 1, 0, 0, 0.5]
[1, 0.5, 1, 1, 0, 1, 1, 1, 1, 1, 0, 1, 0.5, 1, 1, 0, 0, 0, 0, 1]
[1, 1, 0, 1, 0, 0, 1, 0, 1, 1, 0, 1, 1, 1, 1, 0, 0.5, 0, 0, 1]
[1, 1, 0.5, 0, 0, 0, 1, 0, 1, 1, 0, 1, 1, 1, 1, 0, 1, 0, 0, 1]
[1, 1, 1, 0, 0, 0, 1, 0, 1, 1, 0, 1, 0, 1, 1, 0, 1, 0, 0, 1]
[1, 1, 1, 0, 0, 0, 1, 0, 1, 1, 0, 1, 0, 1, 1, 0.5, 1, 0.5, 0, 1]
[1, 1, 1, 0, 0, 0, 1, 0, 1, 1, 0, 1, 0, 1, 1, 1, 1, 0.5, 0.5, 1]
[1, 1, 1, 0, 0, 0, 1, 0, 1, 1, 0.5, 1, 0.5, 1, 1, 1, 0, 0.5, 1, 0]
[1, 1, 1, 0.5, 0, 0, 1, 0, 1, 1, 1, 1, 1, 1, 1, 1, 0, 1, 1, 0.5]
[0, 1, 1, 1, 0, 0.5, 1, 0.5, 1, 1, 1, 1, 0, 1, 1, 1, 0, 1, 1, 1]
[0, 1, 1, 1, 0, 1, 1, 1, 1, 1, 1, 1, 0, 1, 1, 0, 0, 1, 1, 1]
[0, 1, 1, 1, 0, 0, 1, 1, 1, 1, 1, 0, 0.5, 1, 1, 0.5, 0, 1, 1, 1]
[0.5, 1, 1, 1, 0, 0, 0, 1, 1, 1, 0, 0, 1, 1, 1, 1, 0, 1, 1, 1]
[1, 1, 1, 1, 0, 0, 0, 1, 1, 1, 0, 0, 1, 1, 1, 1, 0, 1, 1, 1]
[1, 1, 0, 1, 0, 0, 0.5, 0, 1, 0, 0, 0, 1, 1, 1, 1, 0, 1, 1, 1]
[1, 1, 0, 0, 0.5, 0, 1, 0.5, 1, 0, 0, 0, 0, 1, 1, 1, 0, 1, 1, 1]
[1, 1, 0, 0, 1, 0, 1, 1, 1, 0, 0, 0, 0, 0, 1, 1, 0, 1, 1, 1]
[0, 1, 0, 0, 1, 0, 1, 0, 1, 0, 0, 0, 0, 0, 1, 1, 0.5, 1, 0, 1]
[0, 1, 0, 0, 1, 0, 1, 0, 1, 0.5, 0, 0.5, 0, 0, 1, 1, 1, 1, 0, 1]
[0, 1, 0.5, 0, 1, 0.5, 1, 0, 0, 1, 0.5, 1, 0, 0, 1, 1, 1, 1, 0.5, 1]
[0, 1, 1, 0, 1, 1, 1, 0, 0, 1, 1, 1, 0, 0, 1, 1, 1, 1, 1, 1]
[0, 1, 1, 0, 1, 0, 1, 0, 0, 1, 1, 1, 0, 0, 0, 1, 1, 1, 1, 1]
[0, 1, 1, 0, 1, 0, 1, 0, 0, 1, 1, 0, 0, 0, 0, 1, 1, 1, 1, 1]
[0, 1, 1, 0.5, 1, 0.5, 1, 0.5, 0, 1, 1, 0, 0, 0, 0, 0, 0, 0, 1, 1]
[0, 1, 1, 0.5, 1, 1, 1, 1, 0, 1, 1, 0, 0, 0, 0, 0, 0.5, 0, 1, 1]
[0, 1, 1, 1, 1, 1, 1, 1, 0, 1, 1, 0.5, 0, 0, 0, 0.5, 1, 0, 1, 1]
[0, 1, 1, 1, 1, 0, 1, 1, 0, 1, 1, 1, 0, 0, 0, 1, 0, 0, 0, 1]
[0, 1, 1, 0, 1, 0, 1, 0, 0, 1, 1, 1, 0.5, 0, 0.5, 1, 0, 0, 0.5, 1]
[0, 1, 1, 0, 1, 0, 1, 0, 0, 1, 1, 1, 1, 0, 1, 1, 0.5, 0.5, 1, 1]
[0, 1, 1, 0, 0, 0, 1, 0, 0, 1, 1, 1, 0, 0, 1, 1, 1, 1, 0, 1]
[0, 1, 1, 0, 0, 0.5, 1, 0, 0, 1, 1, 0, 0, 0, 1, 1, 1, 1, 0, 1]
[0, 1, 1, 0, 0, 1, 1, 0, 0.5, 1, 1, 0.5, 0, 0, 1, 1, 1, 1, 0, 1]
[0, 1, 1, 0, 0, 1, 1, 0.5, 1, 1, 0, 1, 0, 0.5, 1, 1, 1, 1, 0, 0]
[0, 1, 1, 0, 0, 1, 1, 1, 1, 0, 0, 1, 0, 1, 1, 1, 1, 1, 0, 0]
[0, 1, 1, 0, 0.5, 1, 1, 1, 1, 0, 0, 1, 0.5, 1, 1, 1, 1, 1, 0, 0]
[0.5, 1, 0, 0, 1, 0, 1, 1, 1, 0, 0.5, 1, 1, 1, 1, 1, 1, 1, 0.5, 0]
[1, 1, 0, 0, 1, 0, 1, 1, 1, 0, 1, 1, 1, 1, 1, 1, 1, 1, 1, 0]
[1, 1, 0, 0, 1, 0, 0, 1, 1, 0, 1, 1, 1, 1, 1, 1, 1, 1, 1, 0]
[1, 0, 0.5, 0, 1, 0, 0, 1, 1, 0, 1, 1, 1, 1, 1, 1, 1, 1, 1, 0]
[1, 0, 1, 0, 1, 0, 0, 1, 0, 0, 0, 0, 1, 1, 1, 1, 1, 1, 1, 0]
[1, 0.5, 1, 0, 1, 0, 0, 1, 0, 0.5, 0, 0, 1, 1, 1, 1, 1, 1, 1, 0]
[1, 1, 1, 0, 0, 0, 0, 1, 0, 1, 0.5, 0, 1, 1, 0, 1, 1, 0, 1, 0]
--- 0.006998777389526367 segundos ---
