5
0.08
0.08
0.5
50
[0.5, 0.5, 1, 0.5, 0.5]
[0.5, 0.5, 1, 0.5, 0.5]
[0.5, 0.5, 1, 0.5, 0.5]
[0.5, 0.5, 1, 0, 0.5]
[0.5, 0.5, 1, 0.5, 0.5]
[0.5, 0.5, 1, 0.5, 0.5]
[0.5, 0.5, 1, 0.5, 0.5]
[0.5, 0.5, 1, 0.5, 0.5]
[0.5, 0.5, 1, 0.5, 0.5]
[0.5, 0.5, 1, 0.5, 0.5]
[0.5, 0.5, 1, 0.5, 0.5]
[0.5, 0.5, 1, 0.5, 0.5]
[0.5, 0.5, 1, 0.5, 0.5]
[0.5, 0.5, 1, 1, 0.5]
[0.5, 0.5, 1, 1, 0.5]
[0, 0.5, 1, 1, 0.5]
[0, 0.5, 1, 1, 0.5]
[0.5, 0.5, 1, 1, 0.5]
[0.5, 0.5, 1, 1, 0.5]
[0.5, 0.5, 1, 1, 0.5]
[0.5, 0.5, 1, 1, 0.5]
[0.5, 0.5, 1, 1, 0.5]
[0.5, 0.5, 1, 1, 0.5]
[0.5, 0.5, 1, 0, 0.5]
[0.5, 0.5, 1, 0.5, 0.5]
[0.5, 0.5, 1, 0.5, 0.5]
[0.5, 0.5, 1, 0.5, 0.5]
[0.5, 0.5, 1, 0.5, 0.5]
[0.5, 0.5, 1, 1, 0.5]
[0.5, 0.5, 1, 1, 0.5]
[0.5, 0.5, 1, 1, 0.5]
[0.5, 0.5, 1, 1, 0.5]
[0.5, 0.5, 1, 1, 0.5]
[1, 0.5, 1, 1, 0.5]
[1, 0.5, 1, 1, 0.5]
[1, 0.5, 1, 1, 0.5]
[1, 0.5, 1, 1, 0.5]
[1, 0.5, 1, 1, 0.5]
[1, 0.5, 1, 1, 0.5]
[1, 0.5, 1, 1, 0.5]
[0, 0.5, 1, 1, 0.5]
[0, 0.5, 1, 1, 0.5]
[0, 0.5, 1, 1, 0.5]
[0.5, 0.5, 1, 1, 0.5]
[0.5, 0.5, 1, 1, 0.5]
[0.5, 0.5, 1, 1, 0.5]
[0.5, 0.5, 1, 1, 0.5]
[0.5, 0.5, 1, 1, 0.5]
[0.5, 0.5, 1, 1, 0.5]
[0.5, 0.5, 1, 0, 0.5]
[0.5, 0.5, 1, 0.5, 0.5]
--- 0.0030918121337890625 segundos ---
