5
0.1
0.5
0.05
50
[0.5, 0.5, 1, 0.5, 0.5]
[0.5, 0.5, 1, 0.5, 0.5]
[0.5, 0.5, 1, 0.5, 0.5]
[0.5, 0.5, 1, 0.5, 0.5]
[0.5, 0.5, 1, 0.5, 0.5]
[0.5, 0.5, 1, 0.5, 0.5]
[0.5, 0.5, 1, 0.5, 0.5]
[0.5, 0.5, 1, 0.5, 0.5]
[0.5, 0.5, 1, 0.5, 0.5]
[0.5, 0.5, 1, 0.5, 0.5]
[0.5, 0.5, 1, 1, 0.5]
[0.5, 0.5, 1, 0, 0.5]
[0.5, 0.5, 1, 0, 0.5]
[1, 0.5, 1, 0, 0.5]
[0, 0.5, 1, 0, 0.5]
[0.5, 0.5, 1, 0, 0.5]
[0.5, 0.5, 1, 0, 0.5]
[0.5, 0.5, 1, 0, 0.5]
[0.5, 0.5, 1, 0, 0.5]
[0.5, 0.5, 1, 0, 0.5]
[0.5, 0.5, 1, 0, 0.5]
[0.5, 0.5, 1, 0, 0.5]
[0.5, 0.5, 1, 0, 0.5]
[0.5, 0.5, 1, 0, 0.5]
[0.5, 0.5, 1, 0, 0.5]
[0.5, 0.5, 1, 0, 0.5]
[0.5, 0.5, 1, 0, 0.5]
[0.5, 0.5, 1, 0, 0.5]
[0.5, 0.5, 1, 0, 0.5]
[0.5, 0.5, 1, 0, 0.5]
[0.5, 0.5, 1, 0, 0.5]
[0.5, 0.5, 1, 0, 0.5]
[0.5, 0.5, 1, 0, 0.5]
[0.5, 0.5, 1, 0, 0.5]
[0.5, 0.5, 1, 0, 0.5]
[0.5, 0.5, 1, 0, 0.5]
[1, 0.5, 1, 0, 0.5]
[0, 0.5, 1, 0, 0.5]
[0, 0.5, 1, 0, 0.5]
[0, 0.5, 1, 0, 0.5]
[0, 0.5, 1, 0, 0.5]
[0, 0.5, 1, 0, 0.5]
[0, 0.5, 1, 0, 0.5]
[0, 0.5, 1, 0, 0.5]
[0, 0.5, 1, 0, 0.5]
[0, 0.5, 1, 0, 0.5]
[0, 0.5, 1, 0, 0.5]
[0, 0.5, 1, 0.5, 0.5]
[0, 0.5, 1, 0.5, 0.5]
[0, 0.5, 1, 0.5, 0.5]
[0, 0.5, 1, 0.5, 0.5]
--- 0.003998756408691406 segundos ---
