5
0.5
0.25
0.0
50
[0.5, 0.5, 1, 0.5, 0.5]
[0.5, 0.5, 1, 0.5, 0.5]
[0.5, 0.5, 1, 0.5, 0.5]
[0.5, 0.5, 1, 0.5, 0.5]
[0.5, 0.5, 1, 0.5, 0.5]
[0.5, 0.5, 1, 0.5, 0.5]
[0.5, 0.5, 1, 0.5, 0.5]
[0.5, 0.5, 1, 0.5, 0.5]
[0.5, 0.5, 1, 0.5, 0.5]
[0.5, 0.5, 1, 0.5, 0.5]
[0.5, 0.5, 1, 0.5, 0.5]
[0.5, 0.5, 1, 0.5, 0.5]
[0.5, 0.5, 1, 0.5, 0.5]
[0.5, 0.5, 1, 0.5, 0.5]
[0.5, 0.5, 1, 0.5, 0.5]
[0.5, 0.5, 1, 0.5, 0.5]
[0.5, 0.5, 1, 0.5, 0.5]
[0.5, 0.5, 1, 0.5, 0.5]
[0.5, 0.5, 1, 0.5, 0.5]
[0.5, 0.5, 1, 0.5, 0.5]
[0.5, 0.5, 1, 0.5, 0.5]
[0.5, 0.5, 1, 0.5, 0.5]
[0.5, 0.5, 1, 0.5, 0.5]
[0.5, 0.5, 1, 0.5, 0.5]
[0.5, 0.5, 1, 0.5, 0.5]
[0.5, 0.5, 1, 0.5, 0.5]
[0.5, 0.5, 1, 0.5, 0.5]
[0.5, 0.5, 1, 0.5, 0.5]
[0.5, 0.5, 1, 0.5, 0.5]
[0.5, 0.5, 1, 0.5, 0.5]
[0.5, 0.5, 1, 0.5, 0.5]
[0.5, 0.5, 1, 0.5, 0.5]
[0.5, 0.5, 1, 0.5, 0.5]
[0.5, 0.5, 1, 0.5, 0.5]
[0.5, 0.5, 1, 0.5, 0.5]
[0.5, 0.5, 1, 0.5, 0.5]
[0.5, 0.5, 1, 0.5, 0.5]
[0.5, 0.5, 1, 0.5, 0.5]
[0.5, 0.5, 1, 0.5, 0.5]
[0.5, 0.5, 1, 0.5, 0.5]
[0.5, 0.5, 1, 0.5, 0.5]
[0.5, 0.5, 1, 0.5, 0.5]
[0.5, 0.5, 1, 0.5, 0.5]
[0.5, 0.5, 1, 0.5, 0.5]
[0.5, 0.5, 1, 0.5, 0.5]
[0.5, 0.5, 1, 0.5, 0.5]
[0.5, 0.5, 1, 0.5, 0.5]
[0.5, 0.5, 1, 0.5, 0.5]
[0.5, 0.5, 1, 0.5, 0.5]
[0.5, 0.5, 1, 0.5, 0.5]
[0.5, 0.5, 1, 0.5, 0.5]
--- 0.0020008087158203125 segundos ---
