20
20
0.5
0.1
0.18
50
[0.5, 0.5, 0.5, 0.5, 0.5, 0.5, 0.5, 0.5, 0.5, 1, 0.5, 0.5, 0.5, 0.5, 0.5, 0.5, 0.5, 0.5, 0.5, 0.5]
[0.5, 0.5, 0.5, 0.5, 0.5, 0.5, 0.5, 0.5, 0.5, 1, 0.5, 1, 1, 1, 0.5, 0.5, 1, 0.5, 0.5, 0.5]
[1, 0.5, 1, 1, 1, 0.5, 0.5, 0.5, 0.5, 1, 0.5, 1, 1, 1, 1, 1, 1, 0.5, 0.5, 0.5]
[1, 0.5, 1, 1, 1, 1, 1, 1, 1, 1, 1, 1, 1, 1, 1, 1, 1, 1, 1, 0.5]
[1, 1, 1, 1, 1, 1, 1, 1, 1, 0, 1, 1, 1, 1, 1, 1, 1, 1, 1, 1]
[1, 1, 1, 1, 1, 1, 1, 1, 0, 0, 1, 1, 1, 1, 1, 1, 1, 1, 1, 1]
[1, 1, 1, 1, 1, 1, 1, 1, 0, 0.5, 1, 0, 1, 1, 1, 1, 1, 1, 1, 1]
[1, 1, 1, 1, 0, 1, 1, 1, 0, 1, 1, 0, 1, 1, 1, 1, 1, 1, 1, 1]
[1, 1, 1, 1, 0, 1, 1, 1, 0, 1, 1, 0, 1, 1, 0, 0, 1, 1, 1, 1]
[1, 1, 1, 1, 0, 1, 1, 1, 0, 1, 1, 0, 1, 1, 0, 0, 1, 1, 1, 1]
[1, 1, 0, 1, 0, 1, 0, 1, 0, 1, 1, 0.5, 1, 1, 0, 0.5, 1, 1, 1, 0]
[1, 1, 0.5, 1, 0, 1, 0, 0, 0, 1, 1, 1, 1, 1, 0, 0.5, 1, 1, 0, 0]
[1, 1, 1, 1, 0, 0, 0, 0, 0, 1, 1, 1, 0, 1, 0, 1, 1, 1, 0, 0]
[1, 1, 1, 0, 0, 0, 0, 0, 0, 1, 1, 1, 0, 1, 0, 0, 1, 1, 0, 0]
[1, 1, 1, 0, 0, 0, 0, 0, 0, 1, 0, 1, 0, 0, 0, 0, 1, 0, 0, 0.5]
[1, 1, 1, 0, 0, 0, 0, 0.5, 0, 1, 0, 1, 0.5, 0, 0, 0, 0, 0, 0, 0.5]
[1, 1, 1, 0, 0, 0.5, 0, 1, 0, 1, 0, 1, 1, 0, 0, 0, 0, 0, 0.5, 0.5]
[1, 1, 1, 0, 0, 1, 0, 1, 0, 1, 0.5, 1, 1, 0, 0, 0, 0, 0, 1, 0.5]
[1, 1, 1, 0, 0, 1, 0, 1, 0, 1, 1, 1, 1, 0, 0, 0, 0.5, 0, 0, 0.5]
[1, 0, 1, 0, 0, 1, 0, 1, 0, 1, 1, 1, 1, 0, 0, 0, 1, 0, 0, 0.5]
[1, 0.5, 0, 0, 0, 1, 0.5, 1, 0, 1, 1, 1, 1, 0, 0, 0, 1, 0.5, 0, 0.5]
[1, 1, 0, 0, 0, 1, 1, 1, 0, 0, 1, 1, 1, 0, 0, 0, 1, 1, 0.5, 0.5]
[1, 1, 0, 0, 0, 1, 1, 1, 0.5, 0, 1, 1, 0, 0, 0, 0, 1, 1, 1, 0.5]
[1, 1, 0, 0, 0.5, 1, 1, 1, 0.5, 0, 1, 1, 0.5, 0, 0.5, 0, 0, 1, 1, 0.5]
[1, 1, 0, 0, 0.5, 1, 1, 1, 1, 0.5, 1, 1, 1, 0.5, 1, 0, 0, 1, 0, 0.5]
[1, 1, 0, 0, 1, 1, 1, 1, 1, 1, 1, 0, 1, 0.5, 1, 0.5, 0, 1, 0, 0.5]
[1, 1, 0, 0, 1, 1, 1, 1, 1, 1, 1, 0, 1, 1, 1, 1, 0.5, 0, 0, 0.5]
[1, 1, 0, 0, 1, 1, 1, 1, 1, 0, 1, 0, 1, 1, 1, 1, 1, 0.5, 0, 0.5]
[1, 0, 0, 0.5, 1, 1, 1, 1, 0, 0, 1, 0, 1, 1, 1, 1, 1, 1, 0, 1]
[1, 0, 0, 1, 1, 1, 1, 1, 0, 0, 1, 0.5, 1, 0, 1, 1, 1, 1, 0.5, 1]
[1, 0, 0, 1, 1, 1, 1, 1, 0, 0, 0, 1, 1, 0, 1, 0, 1, 1, 1, 1]
[1, 0, 0, 1, 1, 1, 1, 1, 0, 0, 0, 1, 1, 0, 1, 0, 0, 1, 1, 1]
[1, 0, 0, 0, 1, 1, 1, 1, 0, 0, 0, 0, 1, 0, 1, 0, 0.5, 1, 1, 1]
[0, 0.5, 0, 0, 1, 1, 1, 1, 0, 0, 0, 0.5, 1, 0, 1, 0, 0.5, 1, 1, 1]
[0, 1, 0, 0, 1, 1, 1, 1, 0.5, 0, 0, 1, 1, 0.5, 1, 0, 1, 0, 1, 0]
[0, 1, 0, 0, 1, 1, 1, 0, 1, 0, 0.5, 1, 1, 1, 1, 0.5, 0, 0.5, 1, 0]
[0, 1, 0.5, 0, 1, 0, 1, 0, 1, 0, 1, 1, 1, 0, 1, 1, 0.5, 1, 1, 0]
[0, 1, 0.5, 0, 1, 0.5, 1, 0, 1, 0, 1, 1, 1, 0, 1, 0, 1, 1, 1, 0]
[0, 1, 1, 0.5, 0, 1, 1, 0, 1, 0, 0, 1, 1, 0, 1, 0, 1, 1, 0, 0]
[0, 1, 1, 1, 0, 1, 1, 0, 1, 0, 0.5, 1, 1, 0.5, 1, 0.5, 1, 1, 0, 0]
[0, 1, 1, 1, 0.5, 0, 0, 0, 1, 0, 1, 1, 1, 1, 1, 1, 1, 1, 0, 0]
[0, 1, 1, 1, 1, 0, 0, 0, 1, 0, 1, 1, 1, 1, 1, 1, 1, 0, 0, 0]
[0, 0, 0, 1, 1, 0, 0.5, 0, 1, 0, 1, 1, 1, 1, 1, 1, 1, 0, 0, 0]
[0, 0.5, 0, 1, 1, 0, 1, 0, 1, 0, 0, 1, 1, 1, 1, 1, 1, 0.5, 0, 0]
[0, 1, 0.5, 1, 0, 0, 0, 0, 1, 0, 0, 1, 1, 0, 1, 1, 1, 0.5, 0, 0]
[0, 1, 0.5, 1, 0.5, 0, 0.5, 0.5, 0, 0, 0.5, 1, 0, 0, 1, 1, 1, 1, 0, 0]
[0, 1, 0.5, 1, 1, 0, 0.5, 0.5, 0.5, 0, 1, 1, 0, 0.5, 1, 1, 1, 0, 0, 0]
[0.5, 1, 0.5, 1, 1, 0, 1, 1, 1, 0, 1, 1, 0, 1, 1, 1, 1, 0, 0, 0.5]
[1, 1, 1, 1, 1, 0, 1, 0, 1, 0.5, 0, 1, 0, 1, 1, 1, 1, 0, 0, 1]
[1, 1, 1, 1, 1, 0, 1, 0, 0, 1, 0, 1, 0, 1, 0, 1, 1, 0, 0, 1]
[1, 1, 1, 0, 1, 0, 1, 0.5, 0, 1, 0, 1, 0.5, 1, 0, 1, 0, 0, 0, 1]
--- 0.010001182556152344 segundos ---
