6
0.5
0.1
0.18
100
[0.5, 0.5, 1, 0.5, 0.5, 0.5]
[1, 0.5, 1, 1, 1, 0.5]
[1, 0.5, 1, 1, 0, 0.5]
[0, 1, 1, 1, 0, 0.5]
[0, 1, 1, 1, 0, 0.5]
[0.5, 1, 1, 1, 0, 0.5]
[0.5, 1, 1, 1, 0, 0.5]
[1, 1, 1, 0, 0, 0.5]
[1, 1, 1, 0, 0, 0.5]
[1, 1, 1, 0, 0, 0.5]
[1, 1, 1, 0, 0, 0.5]
[1, 1, 1, 0, 0.5, 0.5]
[1, 1, 1, 0, 0.5, 0.5]
[1, 1, 1, 0, 0.5, 0.5]
[1, 1, 1, 0, 0.5, 0.5]
[1, 1, 1, 0.5, 0.5, 0.5]
[1, 1, 1, 0.5, 0.5, 0.5]
[1, 1, 1, 1, 0.5, 0.5]
[1, 0, 1, 1, 0.5, 0.5]
[1, 0, 1, 1, 1, 0.5]
[1, 0, 1, 1, 1, 0.5]
[1, 0.5, 1, 1, 1, 0.5]
[1, 0.5, 1, 1, 1, 0.5]
[1, 0.5, 1, 1, 1, 0.5]
[1, 1, 1, 1, 1, 0.5]
[1, 1, 1, 0, 1, 0.5]
[1, 1, 1, 0, 1, 0.5]
[1, 1, 1, 0, 1, 0.5]
[1, 1, 1, 0, 0, 0.5]
[1, 0, 1, 0, 0, 0.5]
[0, 0, 1, 0, 0, 0.5]
[0, 0, 1, 0, 0, 0.5]
[0, 0.5, 1, 0, 0, 0.5]
[0, 1, 1, 0, 0, 0.5]
[0, 1, 1, 0, 0, 0.5]
[0, 1, 1, 0, 0, 0.5]
[0, 1, 1, 0, 0, 0.5]
[0, 1, 1, 0.5, 0.5, 0.5]
[0, 1, 1, 0.5, 0.5, 0.5]
[0.5, 1, 1, 0.5, 1, 0.5]
[0.5, 1, 1, 1, 1, 0.5]
[0.5, 0, 1, 1, 0, 0.5]
[1, 0, 1, 1, 0, 0.5]
[0, 0, 1, 1, 0, 0.5]
[0, 0, 1, 1, 0, 0.5]
[0, 0, 1, 1, 0, 0.5]
[0.5, 0, 1, 1, 0, 0.5]
[0.5, 0, 1, 1, 0, 0.5]
[0.5, 0, 1, 1, 0, 0.5]
[1, 0, 1, 1, 0, 0.5]
[1, 0, 1, 1, 0, 0.5]
[1, 0, 1, 1, 0.5, 0.5]
[1, 0, 1, 0, 0.5, 0.5]
[1, 0, 1, 0, 1, 0.5]
[1, 0, 1, 0, 1, 0.5]
[1, 0, 1, 0, 0, 0.5]
[1, 0, 1, 0, 0, 0.5]
[1, 0, 1, 0, 0, 0.5]
[1, 0, 1, 0, 0, 0.5]
[1, 0.5, 1, 0.5, 0, 0.5]
[1, 1, 1, 1, 0, 0.5]
[1, 1, 1, 1, 0, 0.5]
[0, 1, 1, 0, 0, 0.5]
[0, 1, 1, 0, 0.5, 0.5]
[0.5, 1, 1, 0.5, 1, 0.5]
[1, 1, 1, 1, 1, 0.5]
[1, 1, 1, 1, 1, 0.5]
[1, 1, 1, 1, 1, 0.5]
[1, 1, 1, 1, 1, 0.5]
[1, 0, 1, 1, 1, 0.5]
[1, 0, 1, 1, 1, 0.5]
[1, 0, 1, 1, 1, 0.5]
[0, 0, 1, 1, 1, 0.5]
[0, 0, 1, 1, 1, 0.5]
[0, 0.5, 1, 1, 0, 0.5]
[0.5, 1, 1, 1, 0, 0.5]
[1, 1, 1, 1, 0, 0.5]
[1, 1, 1, 0, 0, 0.5]
[1, 1, 1, 0, 0, 0.5]
[1, 1, 1, 0.5, 0, 0.5]
[0, 1, 1, 0.5, 0, 0.5]
[0, 1, 1, 1, 0, 0.5]
[0.5, 1, 1, 1, 0, 0.5]
[0.5, 1, 1, 0, 0.5, 0.5]
[0.5, 1, 1, 0, 0.5, 0.5]
[1, 1, 1, 0, 0.5, 0.5]
[1, 1, 1, 0, 0.5, 0.5]
[1, 1, 1, 0, 1, 0.5]
[1, 1, 1, 0, 1, 0.5]
[1, 1, 1, 0, 1, 0.5]
[1, 0, 1, 0, 1, 0.5]
[1, 0, 1, 0, 1, 0.5]
[1, 0, 1, 0.5, 1, 0.5]
[1, 0, 1, 1, 1, 0.5]
[1, 0, 1, 1, 1, 0.5]
[1, 0, 1, 1, 1, 0.5]
[1, 0, 1, 1, 1, 0.5]
[1, 0, 1, 1, 1, 0.5]
[1, 0, 1, 1, 1, 0.5]
[1, 0, 1, 1, 1, 0.5]
[1, 0, 1, 1, 1, 0.5]
--- 0.004000186920166016 segundos ---
